1009 0 0
1011 11 11
1012 10 15
1024 22 13
1027 20 16
103 13 0
1033 3 6
104 23 15
1040 1 2
1067 14 5
1083 3 24
1087 10 16
1092 4 24
1096 16 10
1103 7 9
1108 24 14
1109 21 23
1115 3 4
1122 20 11
1130 2 17
1135 22 25
1139 6 6
115 4 20
1154 24 19
1169 21 3
1180 18 2
1183 23 14
1194 16 12
121 13 8
1217 18 20
1218 23 17
1229 5 3
123 1 5
1234 20 23
1235 10 18
1247 15 17
1249 11 24
1255 15 20
1263 11 20
1267 12 18
127 3 10
1272 19 19
1277 12 17
128 9 21
129 14 17
1290 11 13
1294 2 11
1297 1 9
130 5 17
1300 13 14
1301 21 17
1307 9 2
1314 12 6
1315 18 16
1317 19 16
1321 21 25
1326 14 11
1337 5 6
1340 14 7
1341 21 14
1343 16 6
1344 19 14
1346 14 6
1352 15 13
1355 1 7
1361 2 7
1362 4 5
1366 17 6
1375 17 7
1376 13 13
1385 11 3
1391 5 0
1393 7 0
1402 19 21
141 21 22
1418 7 10
1419 6 8
143 9 14
1433 15 16
1436 8 13
144 1 4
1440 13 17
1446 13 19
1453 8 8
1462 16 15
1466 14 16
1472 11 7
1481 12 21
1490 18 15
150 7 17
1500 8 10
1502 19 6
1528 13 15
1534 12 14
1537 1 24
1538 9 9
154 14 20
1542 15 18
1547 20 9
1552 19 11
1558 8 7
1569 7 13
1572 17 9
1574 25 12
1587 19 3
1611 7 6
1620 5 8
163 11 23
1635 5 23
1639 14 23
1647 12 4
1652 8 19
166 18 7
1661 22 10
1672 12 8
1684 13 22
1686 8 18
17 21 7
1702 10 20
1708 9 4
1713 8 17
1720 12 0
1763 9 5
1766 7 16
1776 0 20
1780 3 14
1798 23 16
1799 18 19
180 1 17
1803 3 21
1806 12 23
1820 17 24
1829 20 20
1838 9 18
1839 20 24
1841 12 9
1849 21 18
1850 22 3
1852 11 17
192 17 23
194 2 2
198 22 19
200 12 22
201 7 19
208 7 3
212 5 7
213 21 13
215 0 25
222 4 21
235 4 10
238 12 16
249 23 10
255 25 19
272 4 22
284 17 15
287 4 4
292 6 2
294 20 6
296 6 21
298 17 16
301 2 22
304 0 16
307 22 11
313 20 3
317 17 0
319 0 12
322 23 8
327 25 18
329 19 10
336 21 16
338 13 25
340 6 5
341 21 6
346 3 18
350 23 18
364 10 24
369 24 24
37 13 2
382 10 13
395 4 12
40 7 5
402 9 13
403 13 16
405 4 25
406 15 11
41 20 19
410 12 24
42 0 1
420 8 14
423 13 9
424 9 10
425 2 4
426 4 15
427 18 17
430 11 16
434 9 17
435 17 18
438 13 12
440 24 12
442 12 15
443 19 15
447 7 15
450 22 9
451 12 13
452 2 14
453 6 17
454 20 17
459 13 10
468 10 7
469 10 12
479 9 8
482 12 5
483 8 6
484 9 7
487 12 3
491 9 23
493 16 4
494 13 11
497 5 16
50 14 12
501 10 4
503 12 7
507 1 3
51 16 13
512 1 11
517 10 6
518 15 6
519 8 5
520 7 4
521 23 11
523 9 6
525 9 16
529 22 14
530 13 6
533 14 8
536 21 11
544 10 9
545 19 8
546 15 7
552 17 17
553 11 5
557 11 4
558 16 20
560 0 8
562 1 8
564 13 20
565 23 7
569 10 10
571 10 8
572 11 8
574 9 12
578 17 13
581 7 8
583 5 10
591 12 25
596 11 21
604 22 1
606 11 14
612 19 20
615 1 23
616 21 10
617 16 16
619 19 18
62 16 7
626 10 2
628 15 5
633 18 13
635 21 5
636 12 1
637 0 13
638 17 5
639 6 9
641 8 15
644 15 15
646 11 12
6475 15 12
648 5 11
6491 14 19
6504 21 21
6510 20 0
6515 5 9
6522 13 24
6527 13 18
653 12 19
6537 24 8
655 6 11
6555 17 10
6559 9 1
6575 19 22
6582 8 20
6584 9 15
6588 2 18
6593 5 15
660 18 21
6618 18 5
6624 20 8
6628 2 10
6643 8 3
6654 12 11
666 15 8
6660 8 4
667 12 12
6670 6 4
6672 22 12
6674 15 14
668 17 4
669 10 11
6708 14 21
671 16 9
6713 24 15
673 16 22
6731 18 6
676 15 10
6763 20 5
6772 7 7
6785 10 14
6788 17 2
68 25 8
680 5 2
6803 3 11
6806 13 5
683 6 14
6831 1 13
6837 20 13
6838 5 24
684 22 24
685 5 14
686 17 20
6864 3 12
6870 14 9
6876 21 9
6888 20 18
689 15 22
6899 11 18
69 20 12
6900 18 18
6902 10 17
6913 4 6
6914 14 24
6931 22 2
696 5 4
6961 19 13
6968 9 0
698 14 10
6994 17 3
6996 17 8
70 3 13
700 13 21
7001 22 8
7005 16 8
701 6 25
7027 13 7
703 9 20
7035 17 12
704 4 14
7042 14 15
7047 11 15
705 5 19
7057 19 12
7058 22 21
708 2 8
7084 18 10
7092 11 10
7104 25 17
7114 15 24
7127 19 2
7134 2 5
7146 17 14
716 16 21
7161 21 12
717 7 11
7183 20 10
7188 6 19
719 3 15
7199 21 24
7222 5 12
7226 4 19
723 16 14
7235 25 11
725 14 13
7251 11 22
7267 1 20
7269 22 4
7279 18 25
7287 23 5
7296 9 11
7297 10 3
73 18 11
7312 1 19
7318 0 3
7326 10 19
734 8 11
736 4 3
738 20 21
741 17 21
744 19 7
747 9 3
751 7 18
752 25 25
761 15 9
763 18 8
768 13 23
772 23 9
779 25 4
784 6 16
785 14 18
790 0 21
798 8 12
800 25 6
802 7 12
808 14 14
824 18 12
834 20 7
837 8 9
842 23 20
843 16 11
845 10 5
850 16 5
852 18 14
856 19 9
859 14 4
882 3 1
883 15 4
89 16 19
895 15 19
896 13 4
905 13 3
907 25 0
909 17 11
931 5 18
939 20 14
948 18 9
949 22 6
95 17 19
957 1 10
961 11 9
962 22 7
97 22 16
970 17 25
971 23 4
972 16 18
98 21 20
988 12 10
n_n1108 20 15
n_n1112 24 2
n_n1123 22 18
n_n1127 21 8
n_n1128 22 22
n_n1129 17 22
n_n1185 4 7
n_n1189 11 19
n_n1191 15 21
n_n1229 16 17
n_n1234 5 13
n_n1240 18 4
n_n1241 14 22
n_n1243 6 15
n_n1245 20 2
n_n1250 24 11
n_n1256 5 5
n_n1264 7 14
n_n1265 19 17
n_n498 6 10
n_n725 11 6
n_n861 0 15
n_n876 9 19
n_n877 16 24
n_n878 12 20
n_n910 8 16
n_n913 24 3
n_n965 25 5
n_n972 6 12
n_n976 6 7
n_n978 2 6
n_n981 25 3
