1009 6 10
1018 17 20
1024 14 3
103 12 11
1039 12 18
1041 7 6
1043 17 19
1048 22 3
1080 8 13
1082 8 10
1084 9 9
1085 10 15
1102 6 20
1104 5 6
1106 16 4
1108 22 9
1109 20 5
1110 24 13
1111 24 19
1113 8 11
1120 22 24
1123 19 21
1142 3 18
1154 2 4
1155 22 18
1175 14 11
1179 21 15
1213 16 10
1214 24 16
1235 5 13
1281 12 5
1289 21 17
1291 4 8
1293 20 14
1295 19 19
1313 9 12
1318 2 3
1319 4 4
1320 23 19
135 8 18
1350 2 2
1360 20 9
1361 11 4
1381 2 17
1384 13 0
1389 14 6
1410 22 21
1421 18 5
1443 9 5
1445 11 8
1450 11 0
1451 19 1
1479 21 21
1483 11 7
1485 4 14
1486 18 6
1499 16 16
1502 4 2
1507 11 6
1520 15 3
1521 19 3
1524 22 0
1529 2 6
1535 0 17
1536 0 16
1562 4 6
1592 17 2
1595 3 11
1629 5 8
1631 15 14
203 24 6
232 7 0
236 14 12
249 4 19
257 18 13
289 1 15
299 10 14
301 18 1
302 10 17
303 18 19
305 14 21
309 16 3
319 17 14
333 15 4
342 15 6
35 10 19
355 13 15
382 10 6
383 21 19
386 7 20
388 4 21
394 23 1
413 10 16
432 21 14
436 3 15
464 22 20
466 2 14
467 10 13
469 7 12
475 12 9
477 8 9
484 23 3
4840 4 23
4841 22 14
4849 23 14
4851 24 17
4855 13 5
4856 14 4
4857 19 9
4858 15 9
4866 23 0
4876 2 7
4887 10 21
4890 9 15
4891 8 19
4892 8 17
4894 9 20
4904 11 20
4911 13 21
4914 13 22
4919 5 15
4923 18 7
4929 2 5
4936 19 7
4955 20 18
4958 3 20
4959 24 9
4976 19 11
4997 24 2
5002 7 11
5003 19 13
5004 14 13
5006 8 12
5015 6 24
5021 15 22
5022 15 17
5024 12 21
5036 17 6
5037 13 8
5038 8 7
5039 20 10
5040 15 11
5058 12 4
5061 12 12
507 5 11
5072 13 20
5073 15 18
5076 10 22
508 13 17
5094 20 16
5095 10 8
5096 9 14
5098 20 13
5100 15 13
5111 20 15
5118 14 18
5120 16 21
5121 12 23
5130 6 13
5133 18 11
5134 16 13
5150 14 5
5151 23 18
5154 10 5
5156 20 12
5157 15 7
5158 12 8
5169 1 13
5177 12 7
5178 8 8
5180 17 13
5191 12 17
5194 18 20
5195 16 17
5196 16 7
5197 11 23
5207 22 16
5209 10 7
5210 21 16
5213 15 5
5222 7 2
5227 13 10
5228 18 12
5229 13 11
5237 23 21
5240 13 12
5243 11 11
5258 12 10
526 21 18
5270 14 7
5276 24 4
5295 20 20
5302 11 10
5305 6 2
5312 12 6
532 16 9
5329 18 16
5330 13 16
5331 16 18
5342 4 15
5353 5 12
5356 14 14
5358 16 20
5368 7 17
5383 15 20
5388 5 16
5398 4 12
5401 13 19
5412 24 1
5415 13 7
5416 8 2
5421 5 10
5432 23 16
5435 6 8
5436 3 2
5448 19 18
5453 12 14
5471 11 17
5472 7 14
5473 11 12
5476 8 16
5498 2 16
5503 7 13
5504 11 14
5521 0 19
5523 3 12
5524 18 9
5528 14 9
5529 17 7
5547 7 19
5550 9 22
5568 19 17
5570 19 14
5571 14 22
5572 14 19
5573 15 15
5574 16 15
5575 11 19
559 2 18
5590 5 17
5598 22 17
5600 15 10
5613 6 16
5615 6 19
5617 14 17
562 14 10
5635 6 14
5636 14 20
5640 13 23
5641 12 13
5643 15 19
5644 5 14
5658 6 15
5661 23 17
5668 7 3
5675 13 9
5681 12 1
5682 4 10
5698 5 9
5699 16 5
5701 8 6
5703 16 23
5719 19 10
5720 19 8
5721 22 15
5723 13 13
5724 7 10
5725 6 11
5730 7 7
5741 17 17
5743 18 22
5744 5 20
5756 18 23
5759 8 14
5765 16 14
5766 17 15
5767 11 13
5776 3 16
5780 9 17
5788 9 19
5789 9 18
5790 15 16
5795 7 16
5806 17 22
5807 9 21
5808 17 21
5816 6 18
5826 18 8
5833 21 10
5836 14 16
5838 14 24
5848 9 7
5858 13 6
5860 10 12
5861 3 13
5863 17 8
5865 17 0
5876 24 15
5891 7 15
5892 11 18
5901 10 20
5902 11 21
5905 24 14
5919 7 9
5921 6 9
5922 16 6
5923 18 10
5924 9 11
5925 10 9
5947 13 18
5949 18 17
5952 14 15
5972 20 11
5973 13 4
5974 14 8
5975 9 8
5979 3 9
5989 0 2
5993 1 6
5995 6 0
60 15 12
6010 11 15
6014 12 22
6023 4 18
611 9 16
641 3 4
642 22 19
645 24 11
666 15 8
69 21 0
692 16 11
696 18 18
697 0 0
698 20 4
70 9 6
730 19 15
732 12 15
734 18 14
752 4 20
757 4 22
759 4 9
807 6 7
812 5 19
825 23 20
827 17 18
833 21 12
862 23 8
866 11 5
869 23 2
872 23 15
878 16 12
895 12 24
899 14 23
906 11 9
907 18 15
908 21 3
909 18 24
942 8 15
946 10 10
950 17 9
961 0 8
97 4 17
978 2 13
979 15 0
980 16 8
981 22 2
n_n1011 5 22
n_n1019 14 1
n_n1020 16 19
n_n1025 0 24
n_n1026 8 20
n_n1037 9 13
n_n1045 4 16
n_n1059 10 18
n_n1070 4 24
n_n1081 19 20
n_n1083 17 3
n_n1091 19 12
n_n1093 20 17
n_n1117 10 23
n_n1118 9 23
n_n1121 17 16
n_n1144 17 10
n_n1145 17 12
n_n1147 15 24
n_n1164 6 6
n_n1217 10 2
n_n135 17 5
n_n1369 2 12
n_n137 7 8
n_n139 11 16
n_n241 12 16
n_n324 7 18
n_n385 6 12
n_n397 12 19
n_n593 13 14
n_n597 19 16
n_n663 9 10
n_n91 4 5
n_n939 12 20
n_n947 21 5
n_n953 15 21
n_n955 7 24
n_n968 16 22
n_n970 5 18
n_n971 0 15
n_n974 17 11
n_n976 11 22
n_n977 10 11
n_n987 22 10
n_n993 6 17
