1001 47 56
1002 48 55
1003 31 38
1005 64 15
1006 55 33
1007 59 59
1009 64 61
1011 32 35
1012 36 57
1013 67 9
1016 14 44
1017 20 66
1019 56 64
1021 52 67
1022 50 63
1024 0 9
1026 16 48
1027 54 55
1028 65 26
1029 10 51
1030 32 59
1031 5 66
1034 27 30
1035 27 33
1037 12 68
1040 4 64
1041 65 17
1044 45 34
1045 9 58
1047 67 2
1049 67 36
1050 68 65
1052 49 15
1054 35 68
1055 4 69
1056 70 13
1058 5 57
1061 63 20
1062 64 41
1065 28 55
1066 18 39
1068 50 65
1069 33 46
1070 25 62
1071 42 37
1072 29 35
1073 16 66
1074 60 30
1075 55 57
1076 54 56
1078 67 57
1080 57 45
1081 57 16
1083 30 42
1084 34 37
1085 40 58
1088 25 31
1091 31 17
1093 51 22
1096 59 31
1098 58 20
1099 21 49
1101 60 61
1102 63 34
1103 66 17
1104 63 58
1106 70 36
1108 37 56
1109 16 62
1110 55 31
1111 62 52
1113 33 70
1114 65 27
1115 43 34
1116 70 44
1117 66 41
1120 52 22
1121 70 49
1124 3 0
1125 42 38
1126 14 68
1127 51 15
1128 58 47
1129 24 61
1130 67 32
1132 57 48
1133 47 35
1134 49 40
1141 51 56
1142 54 65
1143 29 56
1145 41 69
1146 57 66
1147 10 55
1155 49 52
1159 15 12
1160 46 63
1164 46 56
1165 14 49
1166 13 69
1168 16 59
1169 35 35
1172 30 70
1173 21 32
1174 9 7
1175 47 59
1176 8 58
1179 60 35
1180 63 15
1183 60 38
1184 61 44
1185 69 47
1186 63 35
1188 61 38
1189 70 47
1190 60 37
1193 66 48
1194 64 48
1203 40 40
1204 47 38
1211 63 66
1212 63 67
1214 19 70
1217 38 32
1221 69 14
1229 11 63
1231 65 62
1234 39 40
1243 38 21
1245 38 20
1246 44 26
1247 69 13
1249 56 66
1253 60 41
1258 48 49
1259 14 39
1260 41 48
1261 42 46
1263 46 54
1265 29 68
1266 27 59
1267 24 54
1268 16 69
1269 38 38
1272 50 70
1274 43 35
1276 42 43
1277 26 38
1278 18 68
1279 40 35
1281 60 55
1282 31 66
1283 68 21
1287 53 29
1291 54 35
1292 38 27
1293 27 39
1294 30 26
1297 55 23
1299 33 39
1303 30 46
1307 43 26
1308 37 27
1311 31 34
1314 48 36
1317 39 61
1319 62 62
1320 56 29
1323 18 46
1324 31 20
1325 55 54
1326 44 22
1327 35 29
1329 48 28
1330 68 26
1331 49 37
1332 30 63
1335 7 17
1336 42 49
1338 45 41
1339 33 47
1340 54 45
1342 11 2
1343 24 48
1344 9 69
1345 37 21
1346 58 56
1350 44 36
1351 37 35
1355 48 54
1359 38 36
1360 42 54
1361 13 70
1362 16 60
1363 15 69
1364 70 29
1366 53 56
1369 31 70
1377 26 62
1378 58 66
1383 38 33
1386 47 63
1397 45 63
1399 50 59
1400 48 63
1401 0 63
1405 3 66
1414 37 70
1421 35 70
1424 43 66
1426 59 70
1431 24 57
1432 1 19
1433 27 60
1434 42 55
1438 52 70
1442 70 32
1444 55 55
1456 49 68
1466 24 63
1476 66 70
1485 47 65
1486 6 69
1488 43 68
1491 46 62
1499 47 70
150 37 49
1502 43 67
1510 26 67
1512 51 69
1518 48 69
152 6 40
1537 51 68
154 55 50
1544 51 60
1545 56 69
1549 13 32
155 51 47
1551 18 70
1552 25 60
1553 56 40
1554 22 69
1556 50 57
1557 70 33
1559 4 0
1560 37 66
1573 55 63
1575 53 65
158 42 29
1599 63 69
160 36 51
161 18 53
1611 26 60
1624 50 61
1625 70 65
1626 48 65
1633 61 66
1639 46 66
164 27 57
1641 47 67
165 33 40
1665 5 64
1666 56 68
1673 47 10
1674 30 55
1675 10 64
1676 11 62
1678 41 68
1679 70 14
1696 52 66
1700 45 66
1706 50 66
171 41 40
172 57 65
1721 3 63
1738 57 63
174 40 56
176 56 60
177 66 57
1775 66 68
178 36 8
1781 34 68
1789 58 64
1792 46 69
1801 62 70
181 10 10
1815 68 67
182 43 30
1825 58 69
1834 59 69
1839 68 66
1847 55 67
185 40 37
1850 60 69
1862 49 61
1864 44 67
1868 58 68
188 47 31
1885 58 63
189 0 34
190 29 43
1900 57 68
191 70 70
1919 28 69
1922 28 67
1928 56 61
1929 57 69
1937 44 62
1949 32 66
1961 31 69
198 51 41
1989 25 68
199 52 15
1992 55 14
2003 63 25
201 35 43
2010 68 68
2022 27 65
2023 59 67
203 65 36
2037 66 62
204 5 60
205 59 66
2059 13 67
206 3 52
2069 59 65
208 40 48
211 18 60
2111 11 59
2112 10 59
2113 12 59
2115 16 58
2116 10 62
2118 13 60
2119 32 53
2120 11 51
2121 33 53
2122 25 52
2124 47 39
2126 33 48
2127 26 41
2128 29 42
213 54 15
2130 31 40
2132 26 45
2133 26 47
2134 31 42
2135 34 51
2136 24 44
2137 30 44
2138 35 51
2142 32 48
2146 21 48
2148 21 54
2149 50 12
2150 28 34
2151 32 23
2156 27 32
2157 12 3
216 43 59
2164 54 22
2165 28 37
2166 33 26
2167 47 32
2169 69 20
217 1 51
2170 28 38
2172 41 28
2173 55 24
2174 38 10
2175 33 54
2178 29 36
2180 43 43
2181 28 33
2182 35 37
2184 28 36
219 33 27
2192 45 44
2198 43 36
2199 49 16
2201 32 28
2202 31 23
2204 70 20
2205 28 32
2207 34 54
221 44 46
2216 46 36
222 58 12
2228 59 36
2230 67 34
2232 60 15
2235 62 31
2236 70 12
2237 45 37
2238 33 52
2243 67 37
2244 61 33
2245 61 27
2246 60 36
2247 58 14
2248 49 14
225 28 59
2250 63 31
226 10 65
2263 62 34
2264 69 69
2265 69 40
2268 12 66
227 42 47
2270 39 39
2272 62 33
2273 70 69
2274 45 70
2276 4 32
2278 58 50
228 3 33
2281 62 35
2282 69 36
2284 7 66
2285 69 42
2288 38 39
229 54 67
2290 46 32
2293 52 25
2294 29 23
2295 52 29
2296 51 12
2297 35 21
2298 41 46
230 34 57
2300 51 25
2301 58 40
2303 49 29
2304 50 30
2306 54 34
2307 48 39
231 53 66
2310 28 31
2313 52 17
2314 31 36
2316 35 31
2318 48 40
2330 59 27
2333 57 24
2336 32 1
2341 63 56
2349 43 33
2351 55 19
2353 58 32
2354 4 11
2356 51 33
2361 61 56
2363 61 32
2366 46 34
2367 55 29
2370 60 34
2371 65 37
2372 41 42
2376 58 13
238 0 69
2380 69 12
2381 44 41
2383 30 27
2384 40 29
2391 37 34
2398 53 23
2399 49 21
2411 68 36
2412 54 33
2413 59 32
242 44 66
2420 39 35
2421 59 26
2422 61 34
2424 28 3
2425 47 34
2427 56 23
2429 55 20
243 56 55
2430 52 28
2431 8 48
2432 45 69
2433 61 51
244 63 45
2440 39 29
2441 34 20
2447 29 21
2454 34 27
2458 37 15
246 24 40
247 46 40
2479 44 45
248 37 48
2480 61 35
2482 42 35
2483 8 66
2484 69 41
2487 45 32
249 46 41
2490 36 30
2491 39 21
2492 33 33
2493 41 29
2499 32 33
250 7 12
2507 32 31
251 0 31
2512 36 33
2526 57 23
2529 70 40
253 65 65
2531 48 35
2532 9 66
2534 41 37
2539 52 33
254 63 60
2541 45 16
2546 44 38
2553 53 30
257 69 70
258 8 54
2586 28 44
2589 36 59
2590 34 49
2592 34 50
2594 37 37
2596 69 23
2598 53 41
2599 54 42
2601 27 42
2602 68 69
2603 54 36
2605 53 38
2607 50 35
2608 67 38
261 44 42
2610 16 70
2612 50 39
2616 70 22
2618 54 39
2619 69 64
262 33 60
2621 11 17
2622 51 39
2624 53 39
2625 68 23
263 26 44
2630 57 39
2632 59 38
2633 69 27
2637 51 24
2638 34 33
2639 35 32
264 12 48
2641 28 29
2644 39 47
2645 35 38
265 13 43
2652 46 31
2653 32 34
2654 38 44
2656 24 14
2658 22 1
2659 47 14
266 54 64
2663 35 28
2666 49 23
267 45 43
2670 8 7
2672 37 44
2674 38 26
2691 55 37
2692 57 27
2693 52 18
2695 32 2
2697 69 21
2699 37 40
270 60 58
2702 58 36
2703 10 8
2705 55 26
2707 60 39
2709 32 49
2712 34 70
2713 57 29
2714 49 19
2715 54 38
2716 51 37
2718 68 42
2719 55 25
2720 60 40
2724 57 37
2725 43 23
2726 44 24
2727 10 6
2728 57 34
273 40 38
2730 55 42
2733 51 16
2734 34 32
2735 20 42
2736 37 24
2738 32 42
274 46 48
2741 34 55
2751 49 12
2752 17 43
2753 64 23
2754 49 35
2756 45 53
2757 17 41
276 45 42
2761 35 13
2763 45 39
2767 44 43
2769 30 28
2773 41 41
2774 19 60
2775 40 41
2778 45 52
2780 34 53
2781 39 43
2785 18 40
2786 30 32
2787 28 30
279 42 28
2791 19 39
2795 44 53
280 44 48
2801 41 39
2814 27 45
2815 34 45
2816 31 41
2818 28 42
2819 29 46
282 51 1
2820 29 49
2821 20 46
2822 37 59
2825 35 50
2827 32 50
2831 58 27
2832 69 25
2833 37 38
2834 57 35
2835 44 34
2837 27 41
2839 54 27
2843 44 33
2845 51 36
2846 67 39
285 16 55
2852 46 35
2855 36 38
2856 56 36
2858 25 17
2860 36 36
2861 45 35
2867 56 27
2868 70 25
2869 12 35
28694 28 27
28700 34 65
28702 33 63
28706 20 27
28743 35 67
28746 33 65
2875 45 33
28760 6 66
28762 14 66
28772 33 34
2878 54 68
28784 42 63
28787 39 63
28794 33 31
28800 37 30
28802 4 56
28807 11 67
28811 2 32
28830 39 60
28833 12 65
28838 10 53
28854 11 65
28859 2 58
2886 37 47
28865 13 65
28869 38 62
2887 22 50
28887 15 64
289 21 37
28909 15 48
28916 6 46
28926 22 51
28928 12 54
2893 26 48
2894 27 48
28948 8 44
28952 19 54
2896 28 46
28963 29 57
2897 28 49
28976 12 43
2899 39 49
2900 35 45
29008 26 58
2901 30 47
29012 38 60
29024 17 27
29028 46 57
29036 2 43
29050 40 62
29096 5 9
291 15 56
2910 39 38
29101 20 38
29105 59 61
29114 40 60
2912 58 28
2913 68 25
2914 28 41
2915 68 70
29156 19 57
29166 14 55
2917 70 21
29178 13 59
2918 51 35
29181 16 45
29185 13 49
29187 14 43
29205 13 50
29208 11 47
2921 15 70
2922 47 33
29230 11 48
2925 35 52
29261 12 61
29263 10 61
29272 11 49
29275 10 42
29278 10 43
2928 33 25
29287 15 50
29289 36 50
2929 33 28
29299 35 47
293 48 64
29302 19 48
29308 22 43
29314 15 45
29316 10 48
2932 30 22
29320 27 46
29322 9 41
2934 37 31
29374 11 57
2938 33 23
29396 27 58
294 12 70
2940 31 19
29404 17 58
29405 28 57
29417 26 43
2943 38 23
29453 4 3
29456 21 50
29461 13 54
29467 18 54
2947 35 34
2949 56 32
29499 36 35
295 47 61
2950 52 24
29505 15 62
29510 25 24
29513 4 60
29520 1 57
29522 20 37
2954 53 26
29542 29 2
2956 36 22
2957 58 35
2958 39 18
29596 5 63
29600 37 54
29642 41 0
2969 54 37
29697 5 56
29699 5 52
297 35 58
2971 69 24
29717 41 2
2972 58 39
2973 46 33
29750 20 51
29763 11 53
29765 7 40
29791 4 63
29795 46 2
29799 9 59
298 51 52
2980 33 30
29803 36 62
29815 56 41
29838 19 50
29843 12 52
29860 6 12
2988 34 34
29889 7 42
2989 30 29
29895 31 29
29899 9 29
29903 10 41
29911 5 39
29915 20 40
29919 22 22
29923 40 20
29927 26 20
29930 29 28
29935 34 35
29939 19 30
2995 39 36
29957 6 19
29959 31 28
29971 9 28
29976 7 59
29984 40 51
29991 8 61
29999 30 50
300 41 43
30001 45 4
30020 7 61
30029 10 63
3003 57 28
30040 8 62
3005 70 64
3006 51 38
301 46 44
3011 32 29
30110 8 65
30113 16 63
30114 2 46
30117 0 46
3012 53 28
30122 8 63
30137 10 66
30166 28 60
30168 30 40
3017 37 20
302 44 31
3021 33 29
3022 37 19
30237 19 46
3024 32 32
30241 15 33
30244 40 0
3026 58 31
30262 19 33
30266 32 8
3027 18 0
30276 8 33
303 13 57
30337 18 52
30349 18 45
3036 50 18
3037 51 21
30375 17 48
30385 14 46
30386 14 45
3039 36 24
30390 19 45
304 27 56
3040 55 41
30412 20 48
30427 15 47
30436 17 45
30456 17 47
3046 56 33
30491 13 47
30497 19 44
305 47 23
3050 34 6
3051 11 13
30517 12 46
30550 57 38
30556 22 27
306 47 22
3069 40 34
30707 16 49
30709 21 2
30719 17 9
30720 56 52
30721 29 30
30722 26 33
30750 13 46
30760 40 54
30763 29 45
30772 23 43
30775 21 41
30796 21 38
308 49 56
30813 37 43
30823 22 40
30833 5 59
30839 40 46
3084 27 49
30841 38 15
30846 10 49
30888 17 21
30916 21 30
30949 5 4
30950 55 48
30956 66 47
30985 63 41
310 65 33
31059 54 8
31091 57 44
311 38 31
3116 41 34
31163 18 42
31164 15 43
3117 32 41
31177 55 11
31185 19 13
31189 50 13
31190 51 5
31193 59 16
31201 59 11
31205 10 23
3121 34 40
31212 57 14
31213 52 9
3122 39 50
31220 56 6
31221 51 11
31225 65 1
31233 53 7
31256 35 19
31267 2 42
31271 62 9
31275 48 3
31279 52 7
31283 50 6
31291 51 8
31298 62 6
31299 57 11
31303 55 2
31311 59 7
31315 12 36
31342 53 12
31354 61 5
31357 28 16
31361 63 0
31365 55 4
31373 61 6
31381 63 2
31385 63 10
31389 64 9
31393 2 31
314 60 49
31401 59 2
31405 46 3
31436 41 5
31443 9 1
31447 58 8
31452 55 9
31459 67 5
31463 28 4
31469 67 10
31471 12 30
31479 55 1
31487 61 8
31491 47 3
31495 44 9
315 24 52
31529 18 19
31534 68 10
31537 57 5
31541 23 8
31548 62 1
31552 70 8
31553 57 9
31561 64 3
31569 4 49
316 14 59
3160 59 34
31600 68 6
31603 65 3
31607 48 0
3161 58 37
31611 61 2
31612 64 2
31615 67 1
3162 58 26
31627 60 2
3163 5 61
31634 62 3
31635 63 1
31642 67 19
31643 62 4
3165 58 33
31655 62 2
3167 57 36
31681 65 2
31685 24 17
31689 70 3
3169 25 36
31693 26 14
317 32 55
31701 63 3
31705 60 4
31709 60 6
31715 70 2
31717 16 3
31721 64 1
31725 61 1
3173 38 45
31733 4 22
3174 37 41
3175 51 34
31765 62 12
31771 0 27
31775 69 1
31782 60 13
31783 59 4
31791 58 3
31795 57 7
31799 55 8
318 11 68
3180 52 27
31806 57 4
31807 60 7
3181 52 39
31819 44 12
31872 22 24
31879 23 21
31887 39 14
31888 11 4
31889 9 18
319 5 70
31917 25 50
31925 2 56
31931 42 7
31933 12 10
31951 42 11
32000 46 13
32017 28 18
32022 23 7
32058 70 9
32072 26 6
32073 55 40
32074 32 38
32086 3 31
321 61 50
32150 26 37
32157 4 23
32192 28 47
32197 2 57
322 62 51
32214 23 42
32224 51 4
32238 5 1
32246 48 16
32269 22 28
32273 40 23
32278 5 25
32299 36 19
32339 32 47
32351 22 45
32361 48 20
32366 22 20
32370 66 0
32374 17 40
32385 50 47
32386 21 40
32415 31 50
32416 56 35
32420 34 15
32440 52 36
325 52 53
32516 0 10
32519 35 9
32523 16 39
32534 66 16
32550 43 6
3257 69 16
3258 61 29
32584 2 44
32588 25 41
3259 61 28
326 15 66
3260 62 8
32600 30 30
32609 26 39
3261 62 28
32612 27 28
32618 26 29
32626 6 26
3263 57 15
32630 19 37
3264 62 29
3265 60 26
32656 34 25
32666 18 37
32683 33 20
32686 45 26
32715 48 14
32723 35 14
32729 34 24
32732 36 27
32745 49 36
32763 48 7
32774 26 40
32778 1 48
32785 28 0
32787 7 19
32796 6 54
328 8 56
32804 9 42
32807 14 41
3281 62 26
32810 22 41
3284 61 23
32840 16 29
32842 21 35
32844 41 18
3285 62 24
3286 63 16
3287 62 25
329 19 69
3292 63 23
3293 63 27
32935 69 22
32937 56 19
3294 63 24
3295 56 17
32959 50 15
32994 52 26
33013 55 22
33017 68 22
33077 1 41
33079 27 29
33083 23 18
331 20 45
3314 68 20
33161 59 33
33163 11 42
332 23 58
33241 9 45
33266 16 56
33277 54 21
333 44 60
33313 57 17
33314 60 16
33324 55 12
33349 56 16
33351 35 25
33363 60 19
33371 59 15
33373 60 8
33396 31 35
33397 57 25
334 52 42
33407 53 8
33413 65 13
33417 54 12
33432 62 23
33454 55 10
3347 66 23
33474 58 6
33485 56 9
335 53 42
3351 67 25
3352 57 13
3353 66 24
33534 67 21
3355 57 18
3356 65 23
33560 56 12
33561 58 7
33569 60 20
3357 64 25
33579 54 11
33594 61 7
33631 53 22
33641 58 1
33663 51 3
33677 38 12
33683 20 34
33699 31 10
3370 61 25
3371 61 22
3372 58 16
3374 60 21
33741 48 21
33746 9 27
3375 55 16
3376 60 25
3377 61 21
33780 25 16
33786 27 38
33790 30 3
338 52 45
3380 61 20
33807 44 2
33809 67 18
3381 56 18
33827 9 54
33866 14 27
33867 27 0
33869 23 10
33878 0 35
339 52 46
33912 9 53
33913 45 0
33922 29 41
33923 21 45
33936 12 41
33953 9 37
33957 14 38
33966 6 27
3397 59 22
3398 59 21
3399 60 17
340 33 38
3400 59 20
3401 57 21
34012 5 12
3402 53 21
34021 24 26
3403 59 23
3404 60 22
34042 25 32
34062 32 44
34064 51 14
3408 58 17
34092 52 14
341 58 60
34103 29 27
34110 11 6
34112 35 20
34131 68 17
34136 67 31
3418 64 20
34183 68 18
3419 62 21
3420 69 15
3421 62 22
3423 60 12
34237 2 48
3424 64 21
3426 57 19
34264 45 24
3427 62 20
34274 44 16
3428 64 22
34345 18 48
34357 27 47
34366 32 10
34371 35 1
34375 67 16
34378 39 42
34387 41 15
34396 0 16
34399 24 27
344 35 39
34413 37 36
34415 53 37
34443 65 15
34485 14 13
34486 13 15
34489 31 26
3449 58 18
345 30 37
3451 59 25
3452 58 21
3454 60 23
34550 67 15
34559 39 32
34561 40 28
3457 60 24
34586 29 34
3459 56 15
34595 12 40
34601 23 13
3461 8 64
34619 11 50
34623 1 11
34645 19 35
34648 33 37
34674 1 3
34681 6 29
347 62 46
34731 32 40
34735 21 44
34745 3 26
34747 42 12
34760 57 8
3479 70 16
3480 65 29
3481 63 28
3482 59 8
34823 15 44
34828 26 42
3483 64 28
34841 13 45
3486 65 30
34864 13 44
3487 64 27
34872 54 9
34886 25 23
349 55 66
34979 10 56
35024 45 56
35030 7 63
3504 22 53
35050 0 60
35052 64 70
35053 67 70
3506 15 49
3507 41 54
35079 64 67
35081 0 55
351 24 38
3511 18 58
3515 33 51
3516 26 51
35168 36 67
3517 31 51
3518 23 52
35180 43 11
35182 17 62
352 39 46
35218 4 62
3522 34 52
3523 37 51
3524 46 45
35242 61 64
35248 25 44
3526 37 50
35278 7 62
3529 39 51
353 45 50
3531 38 49
3535 41 50
35379 0 45
3538 38 50
3539 22 54
354 43 46
35426 12 45
3546 29 44
35487 9 10
35489 36 29
3549 61 30
35490 5 62
355 37 42
3550 63 40
3551 38 51
35514 44 50
35524 9 14
35526 28 40
3553 29 47
3555 30 45
3556 31 47
3557 32 36
3558 66 25
3559 50 38
356 44 44
35619 20 53
35645 14 56
35650 12 51
35657 12 56
35673 10 50
3568 2 55
35694 19 47
357 57 67
3570 53 50
3572 69 66
3578 56 39
3579 54 61
358 39 17
3580 52 49
3581 39 69
3588 53 44
3589 52 43
3590 59 17
3591 55 44
3593 56 42
3594 13 18
3595 50 43
360 21 43
3602 50 42
3604 50 48
361 38 68
3612 65 22
3615 32 37
3617 70 67
3618 69 65
3619 50 40
362 10 45
3628 56 28
3629 55 38
363 51 53
3630 39 68
3631 40 69
3635 49 41
3638 49 27
364 49 53
3642 49 45
3643 39 44
3646 43 48
3647 38 46
365 53 68
3650 37 17
3651 26 35
3652 36 28
3653 36 26
3656 27 34
366 10 57
3660 35 42
3665 26 34
3666 32 51
367 24 43
3672 27 35
3679 33 42
368 9 64
3680 70 53
3682 23 33
3686 43 14
3687 25 35
369 15 38
3691 52 2
3693 25 34
3696 40 21
3698 34 41
3713 53 18
3716 61 18
3717 62 37
3718 46 37
372 43 51
3727 45 46
3728 66 36
3729 11 69
373 44 47
3730 14 12
3732 70 38
3736 8 67
3737 64 57
3738 40 53
3739 70 34
374 47 25
3740 39 37
3744 69 37
375 47 26
3752 46 46
3753 47 29
3754 62 41
3756 50 25
3757 64 29
376 29 52
3762 52 21
3766 55 18
3767 53 11
3769 61 17
3771 50 37
378 51 50
3781 69 38
3782 68 35
3785 66 35
379 33 56
3791 68 38
3792 68 32
3795 8 68
3797 36 42
380 15 59
3801 65 34
3802 65 32
3804 68 33
3805 51 40
3808 35 4
381 24 31
3810 63 29
3812 64 35
3813 70 37
3815 70 35
3816 52 41
3818 11 70
382 40 67
3828 49 17
3829 43 31
383 17 60
3832 34 22
384 40 57
3843 63 57
3845 69 33
3847 68 37
3849 44 51
3850 52 37
3857 41 26
3859 38 35
386 47 30
3865 35 22
3867 46 16
3868 45 20
387 53 35
3872 46 15
3875 46 27
3876 39 19
3878 42 27
3879 69 62
388 55 56
3881 48 29
3882 7 69
3884 68 62
3885 43 37
3886 50 32
3887 34 38
389 25 38
3892 47 19
3893 68 63
3895 44 15
3897 52 16
3898 54 43
3899 50 27
3900 51 26
3902 8 69
3905 42 31
3906 40 33
3914 40 27
3916 35 46
3919 59 30
392 38 24
3927 43 69
393 33 35
3930 62 42
3934 37 25
3935 7 38
3936 31 37
394 35 44
3940 69 34
3941 69 35
3942 69 32
3943 37 6
3944 12 21
3945 5 26
3947 51 31
3948 36 40
395 68 34
3953 38 19
396 35 63
398 64 62
3983 54 18
3987 63 36
3988 35 40
399 14 54
3991 34 47
3998 39 26
4000 37 33
4001 30 21
4002 40 30
4004 43 19
4017 66 33
4018 66 34
4019 67 33
402 11 41
4020 63 32
4021 46 28
4023 34 42
403 53 40
4036 45 28
4039 33 24
4040 33 22
4045 47 28
405 40 59
406 65 53
4063 27 36
4064 47 24
4067 50 11
4069 32 43
407 64 50
4070 50 21
408 59 63
4089 45 48
409 58 65
4095 39 16
4098 44 19
410 23 38
4102 46 38
4103 36 39
411 33 57
4111 45 23
4112 0 26
4113 65 68
4117 70 30
4118 69 31
412 49 69
4122 40 16
4123 65 69
4124 50 19
4125 15 30
4126 54 31
413 32 58
4132 37 16
4133 38 9
4136 18 31
4138 70 31
414 48 58
415 21 47
4151 0 43
4153 47 17
4154 22 36
4155 45 25
416 31 54
4160 43 20
4161 23 36
4162 70 52
4164 22 57
4165 45 38
4166 46 52
4167 40 45
417 63 26
4171 43 24
4172 22 37
4176 44 64
4177 46 49
4179 22 39
418 7 60
4181 29 29
4182 46 53
4183 31 5
4184 49 0
4189 46 18
419 45 55
4194 44 65
4195 21 39
4197 49 24
4202 48 37
4205 44 52
4206 43 16
4207 21 36
4208 38 28
4209 59 19
4211 0 40
4213 24 36
4214 47 21
4216 58 19
4217 23 57
422 7 52
424 47 20
4240 68 24
4241 67 26
4243 18 3
4245 62 39
4246 29 48
4249 31 46
4250 33 36
4252 48 33
4256 42 50
4257 4 67
4259 48 45
426 51 55
4261 39 48
4262 40 47
4263 51 46
4264 47 45
4265 33 43
4267 45 51
427 49 44
4275 41 20
428 32 57
4287 37 32
429 49 42
4293 50 1
4299 66 22
4301 53 14
4302 8 42
4303 58 41
4304 70 68
4305 21 28
4306 69 67
4308 47 36
431 10 54
4318 50 33
4319 31 33
432 42 51
4330 51 48
4331 56 37
4335 53 60
4339 48 34
4343 49 18
4347 31 21
435 9 15
4351 49 20
4352 44 20
4356 69 26
4358 59 41
4359 59 18
436 49 60
4360 56 43
4369 36 34
437 56 34
4370 30 34
4371 33 32
4375 38 37
4376 36 21
438 50 52
4380 32 21
439 7 58
4407 54 16
4408 43 70
4409 51 30
441 54 59
4410 66 26
4415 58 43
442 43 49
4422 56 38
4423 55 27
4424 49 30
4426 38 43
4431 40 31
4435 6 68
4439 70 63
4445 4 68
4463 42 16
4465 65 21
4466 70 42
4471 58 44
4472 57 43
4473 49 51
4476 48 26
448 47 40
4494 57 0
4503 43 28
451 49 25
4519 42 15
452 46 29
4520 70 43
4523 34 43
4525 50 51
453 46 47
4530 50 24
4546 48 19
4547 37 22
4548 58 29
4549 48 51
455 35 59
4552 25 19
4558 46 21
456 33 55
457 44 29
4581 35 56
4582 41 16
4584 49 48
4585 45 21
4589 70 41
4590 10 26
4592 69 61
4593 69 39
4595 27 1
4597 52 50
4598 70 39
460 46 23
4601 25 40
4602 68 61
461 62 64
4615 60 10
4616 62 10
4617 59 10
4620 60 9
4621 61 9
4625 58 11
4626 62 7
4627 60 11
4628 61 10
4629 59 9
4630 59 12
4632 54 14
4633 55 17
4635 54 5
4637 56 13
4638 58 15
4641 53 15
4643 51 10
4644 56 14
4645 55 13
4646 54 17
4647 55 15
4651 43 17
4653 54 30
4655 34 46
466 20 55
4661 63 6
4662 63 4
4663 66 4
4664 68 1
4666 63 5
4667 64 5
467 47 27
4670 65 4
4672 67 4
4673 64 4
4674 65 5
4675 66 6
4676 64 6
4687 44 30
4690 66 7
4691 62 11
4692 65 9
4695 64 7
4696 63 8
4700 65 10
4701 66 2
4702 63 7
4703 64 8
4704 65 8
4705 65 7
4707 68 11
4708 65 11
4709 66 10
471 15 52
4710 68 4
4712 67 11
4713 68 13
4716 66 11
4719 68 12
472 16 50
4720 67 12
4721 67 13
4722 66 13
473 44 39
4738 69 5
4739 67 6
474 45 17
4740 69 6
4741 70 1
4743 67 3
4744 69 4
4748 69 3
4749 70 4
475 34 36
4750 68 3
4751 68 2
4752 69 2
4753 68 5
4755 68 44
4757 62 14
4758 63 14
4759 60 14
476 68 16
4760 66 3
4762 63 13
4763 61 13
4764 61 15
4766 61 12
4768 58 9
4769 62 13
4770 62 15
4771 61 14
478 8 55
479 14 51
480 25 46
481 33 44
482 9 65
4836 67 14
484 44 68
4846 64 11
4865 69 44
4867 61 16
4868 68 51
4869 44 13
487 24 62
489 62 30
4910 60 62
493 38 18
4933 70 10
4934 69 9
4935 70 6
4936 61 3
4938 69 11
4939 68 9
4943 68 7
4944 60 3
4945 69 10
4946 67 8
4947 68 8
4948 66 9
4965 58 57
4969 51 57
497 11 60
498 11 58
4981 9 44
4984 24 53
4986 19 40
4993 21 42
4997 50 44
4999 49 46
5001 22 46
5008 32 46
501 58 34
5010 15 46
5016 28 43
5018 40 49
502 53 20
5023 33 45
503 59 37
5031 37 45
5045 10 67
5046 60 56
5047 61 46
5048 65 40
505 49 31
5050 10 27
5051 56 49
5052 63 50
5053 63 47
5054 57 50
5055 56 25
5058 57 46
5059 68 40
506 39 70
5064 49 47
5066 65 43
5073 51 49
508 39 59
5081 36 45
5089 61 54
509 17 44
5090 59 55
5091 49 55
5092 61 41
5093 62 53
5095 54 46
5096 23 55
5097 21 55
5098 58 42
510 11 43
5101 36 41
5102 38 41
5107 51 45
5109 41 53
5110 56 46
5111 61 49
5112 53 49
5113 25 56
5114 50 54
512 66 66
5128 34 23
5129 47 13
513 48 44
5131 50 49
5135 19 55
5136 55 47
5138 20 59
5139 54 19
514 41 62
5140 20 39
5145 50 46
5146 50 45
5147 40 15
5149 6 21
515 13 62
5150 36 44
5151 55 46
5152 53 46
5154 19 64
5156 38 42
516 14 61
5160 49 49
5172 64 59
519 21 53
5199 48 53
5200 27 53
522 25 57
524 7 67
525 53 17
5253 10 68
526 46 30
5261 68 39
5262 67 40
5263 59 56
5266 55 51
527 30 23
5271 69 60
5274 68 43
5276 24 46
5279 57 41
528 55 39
5285 67 53
5287 69 49
5289 22 49
529 59 13
530 48 31
5300 60 42
5301 61 55
5302 67 48
5303 66 51
5304 55 49
5305 63 42
5308 65 41
531 39 22
5310 61 47
5311 61 48
5314 55 52
5317 60 53
5318 67 60
532 29 22
5328 68 55
533 49 22
5332 23 49
5342 59 45
5343 62 55
5345 63 49
5347 63 43
5348 63 51
535 58 0
5350 55 53
5353 3 36
5357 41 52
536 38 22
5364 22 47
5375 67 51
538 26 49
5394 65 61
5395 67 56
5397 62 54
5399 22 48
5401 66 44
542 14 57
543 53 53
5431 59 44
5432 63 55
5433 67 46
5434 65 51
5435 52 48
5437 57 52
5438 51 43
544 54 53
5440 66 42
5441 57 49
5442 39 45
5444 56 53
545 26 70
5456 46 58
546 8 50
5461 59 52
5466 21 46
5468 65 39
5473 61 40
549 31 56
5492 58 48
5493 63 53
5497 23 46
5515 56 51
5516 64 42
5518 56 48
552 47 54
5520 56 44
5522 55 45
5524 38 57
5525 33 11
5529 41 49
553 4 51
5533 67 49
5534 60 46
5536 64 49
5537 59 50
5538 65 45
555 37 46
5552 64 34
5576 69 52
5580 64 37
561 14 58
5617 65 50
5619 64 55
5620 58 49
5624 54 44
563 39 33
5634 66 21
5646 61 36
565 25 65
5656 60 45
5657 64 44
5658 67 50
5662 59 54
5663 57 53
5664 58 45
5667 52 44
5668 56 45
568 43 54
570 49 70
5711 68 52
572 41 35
573 34 56
575 43 38
576 42 40
577 43 40
5775 61 39
578 42 41
579 42 42
580 42 39
581 36 43
582 59 39
583 44 35
584 32 60
586 39 30
587 55 36
588 22 44
5897 57 62
5899 42 62
591 57 12
593 38 61
5932 52 58
5933 56 58
5936 62 44
5954 12 47
5956 13 48
5958 12 50
5960 16 52
5963 35 48
5972 29 38
5974 24 66
5975 48 67
5976 25 51
5978 4 70
5981 22 64
5982 6 64
5985 8 59
5988 29 53
5993 35 54
5996 31 62
600 47 46
6000 21 62
6001 37 60
6005 21 65
6008 3 69
601 43 61
6010 31 45
6015 6 37
6016 27 31
6017 24 58
6019 24 64
602 40 61
6020 28 45
6023 24 65
6029 9 62
6033 27 16
6035 41 51
6036 30 52
604 60 64
6040 16 65
6044 30 66
6045 41 67
6047 22 61
6048 9 63
6049 33 59
6051 13 63
6057 23 67
606 62 66
6060 29 60
6062 8 60
6065 40 52
6067 29 54
6071 22 63
6073 22 65
6080 30 61
6083 30 62
6084 21 61
6087 37 61
6088 5 69
6093 20 61
6094 30 35
6095 14 69
6096 38 59
6099 39 52
610 48 48
6100 5 68
6103 31 43
6108 23 61
6113 30 67
6114 42 66
6119 42 30
6122 40 50
613 34 48
6131 13 68
614 7 13
6142 27 68
6144 41 66
6146 16 64
6147 11 64
615 25 26
6150 12 63
6158 18 64
616 30 31
6160 17 64
6161 39 55
6162 30 51
6165 17 61
617 23 63
6174 26 53
6175 22 67
6176 19 65
6177 23 66
6178 27 50
6179 53 62
618 24 41
6180 35 61
6181 18 66
6182 21 66
6184 34 60
6186 4 58
6188 39 53
6192 36 55
6193 4 27
620 25 58
6205 28 62
6206 20 65
6207 23 65
6208 36 52
6209 28 56
621 45 58
6210 13 55
6211 35 55
6218 36 54
6222 33 66
6224 48 66
6225 28 54
6226 3 70
6227 31 57
6228 31 60
6229 21 64
623 37 65
6231 36 63
6233 6 60
6235 27 52
6238 6 65
6244 27 37
625 3 68
626 26 61
6267 28 66
6268 15 63
6269 22 66
627 58 70
6273 9 57
6275 31 64
6291 21 58
6292 21 59
6294 25 59
6295 51 67
6297 31 58
6302 6 59
6304 38 54
6305 17 13
6308 32 65
6309 29 37
631 25 39
6312 29 64
6313 20 62
6314 5 51
6315 15 65
6317 30 58
6319 17 63
632 57 30
6320 24 35
6321 36 64
6322 9 60
6324 30 57
6325 38 52
6326 20 70
634 12 69
6340 33 19
6342 9 51
6343 51 27
6347 10 58
6349 49 28
635 69 68
6350 0 18
6351 0 22
6353 49 26
6357 50 29
636 14 47
6360 1 69
638 19 56
6389 36 20
6390 37 23
6391 6 36
6393 50 28
6395 26 31
6396 26 19
6398 6 62
6399 52 19
640 62 57
6401 5 15
6402 42 8
6403 51 28
6405 51 29
641 55 35
642 51 32
643 61 57
644 48 22
645 59 57
646 62 56
649 54 26
6498 23 62
6499 22 59
650 37 18
6501 28 58
6502 24 56
6503 51 66
6504 36 61
6505 20 67
6506 38 63
6507 22 68
6509 41 65
651 47 60
6510 6 57
6512 37 53
6513 36 47
6516 5 67
652 50 36
6523 6 63
653 11 66
654 31 24
655 52 38
6556 56 62
656 43 32
6561 20 50
6569 22 58
657 60 50
659 42 20
660 34 30
661 37 28
6612 52 60
6625 17 59
6626 17 66
6627 19 61
6629 20 69
663 34 21
6630 20 63
6635 40 64
6640 21 70
6643 13 64
6648 39 54
665 45 29
666 44 28
6662 57 60
668 41 23
669 70 11
6691 50 60
6703 20 60
671 30 24
672 44 32
673 58 38
6731 28 64
674 43 27
675 44 23
6762 51 58
677 38 25
6771 24 37
6774 23 41
6775 19 42
6777 17 51
6779 15 51
678 31 31
6780 20 58
6781 18 59
6783 19 58
6785 19 59
6787 2 50
679 42 24
6792 43 65
6795 10 60
6797 11 61
6798 13 58
6800 12 62
6802 9 61
6803 12 60
6806 13 51
6808 6 61
681 41 27
6812 26 46
6817 36 49
6818 20 43
6819 42 48
682 42 26
6820 15 54
6822 19 51
6823 35 49
6824 18 43
6825 10 34
6826 17 53
6827 18 50
6833 15 53
6836 19 43
6837 22 56
6846 23 47
6859 30 49
686 67 69
6860 24 42
6861 18 44
6862 25 48
6863 20 52
6864 16 51
6866 23 51
6869 31 49
687 67 43
6870 23 50
6876 22 42
6878 16 43
688 56 65
6880 29 50
6881 9 52
6884 24 51
6886 25 42
6887 23 45
6888 25 49
6890 24 50
6891 21 51
691 63 39
6910 23 56
692 30 14
6920 16 41
6923 18 57
6926 16 42
6927 24 60
693 38 0
6931 17 57
6936 24 47
6938 23 37
694 50 50
6940 12 39
6946 41 64
6949 59 60
6950 35 60
6951 36 60
696 42 36
6962 24 49
697 6 51
6970 25 45
6971 23 40
6979 49 62
698 44 70
6981 43 62
6982 4 65
6983 48 61
6984 50 62
6986 48 59
6987 42 10
6988 35 53
699 41 38
6991 47 62
6995 27 61
7006 51 63
7007 10 38
7009 42 64
7011 44 63
7012 55 30
702 59 29
7024 39 58
703 64 66
7032 41 59
704 56 8
7042 29 59
7048 25 54
7049 17 55
705 49 39
7050 17 54
7051 13 52
7054 18 56
7055 13 53
706 63 48
7061 6 3
7065 17 52
7067 12 53
7069 26 55
707 56 11
7070 22 52
7071 11 52
7074 17 56
7075 20 57
708 13 22
7080 14 63
7081 15 61
7083 14 62
7085 16 61
7088 35 64
7089 7 65
7093 14 3
7094 33 62
710 70 28
7100 15 67
7102 40 70
7103 32 69
7107 14 67
711 1 59
7111 40 66
7112 33 68
7116 38 66
7120 7 64
7125 40 65
7129 34 62
7130 39 66
714 38 53
7159 17 68
7160 15 68
7162 17 67
7164 34 67
7165 33 67
7166 16 68
7170 35 66
7171 35 65
7173 36 66
7175 33 49
7176 34 63
7181 35 62
7184 33 64
722 14 70
723 5 45
724 23 68
725 12 55
728 53 48
729 53 43
730 43 50
731 59 58
733 54 41
734 46 43
735 43 47
736 52 47
737 36 32
738 50 56
742 53 25
743 53 24
744 41 21
745 51 20
749 59 40
750 45 36
753 43 45
754 55 28
755 48 52
757 26 56
758 15 60
759 16 67
760 18 63
761 43 42
762 8 70
763 53 19
765 68 15
772 64 63
773 47 48
775 48 27
777 61 63
778 62 58
780 65 64
781 64 64
782 57 70
783 66 64
785 20 64
786 32 68
787 37 69
789 6 0
790 8 39
795 54 29
798 67 24
799 61 19
800 67 22
801 62 16
802 62 18
803 62 19
804 63 19
805 30 43
807 56 30
809 49 13
810 0 0
811 14 5
814 67 47
816 37 58
817 32 39
818 27 40
819 50 31
820 10 7
821 38 47
822 30 36
823 43 57
824 56 10
825 17 70
827 51 65
828 67 23
830 12 58
831 52 23
832 30 20
833 25 43
834 70 46
835 67 64
837 33 41
838 48 46
839 52 55
840 63 46
841 55 65
842 61 65
844 18 47
845 35 15
846 19 14
848 40 14
850 43 39
851 39 65
852 22 11
853 35 36
856 48 57
858 40 43
859 39 34
860 49 66
861 63 17
865 39 41
869 36 56
870 64 18
872 49 50
873 20 56
875 45 45
876 37 57
877 54 63
878 56 63
879 57 40
881 64 53
882 64 54
883 67 54
885 67 55
888 25 61
891 36 37
892 53 51
893 61 31
895 48 50
896 47 47
898 67 67
900 43 44
901 37 39
902 47 53
903 53 52
904 49 43
905 25 13
907 44 58
908 50 34
909 48 17
913 26 36
914 47 44
915 25 37
916 44 56
917 43 29
918 53 34
920 24 25
921 27 44
922 42 34
923 11 54
924 41 57
926 41 33
927 61 52
928 58 59
929 21 52
930 12 57
932 31 55
937 5 30
940 14 60
941 14 65
942 32 56
944 52 54
945 46 59
946 31 44
947 28 48
948 21 56
949 40 55
950 53 69
954 53 70
956 18 62
957 44 40
958 35 41
959 45 40
960 45 49
963 44 37
964 42 44
965 41 44
966 37 64
968 52 52
971 54 54
972 53 54
973 53 55
975 55 62
976 47 52
978 41 45
983 41 36
984 42 45
985 46 51
986 46 50
987 43 53
992 63 30
993 54 40
994 48 25
996 46 61
997 44 54
998 45 54
n_n1004 18 51
n_n10192 70 57
n_n10209 70 50
n_n10230 69 46
n_n10247 69 48
n_n10267 65 48
n_n10282 64 56
n_n10284 64 36
n_n1030 24 55
n_n10321 67 42
n_n10338 69 53
n_n10359 67 45
n_n10376 69 51
n_n10396 66 37
n_n10466 65 35
n_n10491 61 37
n_n10521 64 38
n_n10546 62 36
n_n10568 57 56
n_n10590 54 57
n_n1063 27 43
n_n10646 64 33
n_n10671 63 37
n_n10700 63 33
n_n10728 62 38
n_n10795 56 24
n_n10796 65 25
n_n10809 70 60
n_n10820 66 58
n_n10835 68 53
n_n10846 65 58
n_n1085 26 69
n_n10869 45 61
n_n10896 66 56
n_n10907 68 54
n_n10922 65 56
n_n1093 36 68
n_n10933 64 58
n_n10947 66 38
n_n10957 64 39
n_n10998 65 44
n_n11017 64 46
n_n11041 64 45
n_n11060 64 47
n_n11092 59 62
n_n1111 29 70
n_n11136 65 38
n_n11155 62 40
n_n11178 66 39
n_n1119 50 69
n_n11200 63 38
n_n1125 47 68
n_n11269 57 55
n_n11282 7 51
n_n1131 12 67
n_n11316 35 57
n_n1139 46 67
n_n11446 22 62
n_n11454 30 59
n_n11457 31 61
n_n11466 25 66
n_n1147 28 68
n_n11474 29 40
n_n11477 34 66
n_n11484 25 55
n_n11492 23 64
n_n11514 19 67
n_n11522 29 62
n_n11525 28 63
n_n11534 19 66
n_n11542 31 65
n_n11545 29 66
n_n11552 27 54
n_n11560 34 58
n_n11584 21 69
n_n11592 30 54
n_n11595 31 59
n_n11604 22 60
n_n11612 31 63
n_n11622 23 60
n_n11630 37 62
n_n1165 35 69
n_n11652 19 63
n_n11660 32 62
n_n11672 19 62
n_n11680 24 68
n_n11683 30 64
n_n11690 19 68
n_n11698 38 64
n_n1173 41 70
n_n11833 51 64
n_n11836 66 1
n_n1185 48 10
n_n1187 43 60
n_n11960 7 53
n_n1201 45 62
n_n1203 47 64
n_n1207 25 70
n_n1209 25 69
n_n1213 54 69
n_n1215 23 69
n_n1219 32 70
n_n1221 38 69
n_n1229 36 69
n_n12303 12 26
n_n1231 37 68
n_n12373 31 52
n_n1243 63 70
n_n1247 42 67
n_n1249 29 69
n_n1253 51 61
n_n1255 55 69
n_n1259 46 68
n_n1261 51 70
n_n12619 26 57
n_n1263 25 63
n_n12637 34 17
n_n12638 4 16
n_n12641 8 26
n_n12648 53 63
n_n1265 50 68
n_n12655 28 61
n_n12659 58 62
n_n12673 51 62
n_n12683 57 61
n_n1269 47 69
n_n12706 58 61
n_n1271 48 68
n_n12726 52 62
n_n12736 53 61
n_n12760 54 62
n_n1277 6 53
n_n12773 60 65
n_n1283 17 69
n_n1285 55 70
n_n1291 45 67
n_n1295 54 70
n_n1297 23 70
n_n1301 30 69
n_n13028 46 65
n_n1303 32 67
n_n13066 13 25
n_n13092 2 60
n_n1311 33 69
n_n1313 31 68
n_n1323 52 68
n_n1325 53 67
n_n13271 70 66
n_n1331 34 69
n_n1335 40 68
n_n1337 3 62
n_n13390 44 8
n_n1341 44 69
n_n1343 42 69
n_n1345 24 67
n_n1347 49 63
n_n1351 42 61
n_n1353 52 56
n_n13546 39 62
n_n13566 44 59
n_n1359 16 10
n_n13600 38 65
n_n13618 52 59
n_n1367 29 58
n_n1371 63 61
n_n13789 32 45
n_n13959 20 4
n_n1402 63 68
n_n1410 68 64
n_n1423 26 64
n_n1426 67 62
n_n1427 64 69
n_n1434 62 69
n_n1442 70 24
n_n1459 47 55
n_n1462 67 68
n_n1463 60 68
n_n1470 61 67
n_n1491 12 64
n_n1494 30 68
n_n1495 61 69
n_n1502 59 68
n_n1510 70 23
n_n1529 49 65
n_n1555 38 70
n_n1566 39 67
n_n1587 15 0
n_n1593 61 70
n_n1596 26 59
n_n1616 16 57
n_n1620 63 65
n_n1621 62 67
n_n1649 27 69
n_n1653 62 65
n_n1685 43 52
n_n1689 67 66
n_n1690 62 68
n_n1718 27 67
n_n1721 67 65
n_n1722 61 68
n_n1752 26 63
n_n1753 53 59
n_n1787 48 70
n_n1795 45 68
n_n1821 37 52
n_n1823 58 67
n_n1856 18 69
n_n1858 47 66
n_n1859 45 64
n_n1905 24 70
n_n1906 57 64
n_n1907 24 69
n_n1908 56 67
n_n1922 63 59
n_n1938 65 63
n_n1956 43 55
n_n1957 55 64
n_n1992 66 63
n_n2007 31 67
n_n2009 32 54
n_n2010 60 67
n_n2023 61 61
n_n2039 67 63
n_n2097 27 63
n_n2099 65 66
n_n2100 60 63
n_n2142 42 52
n_n2143 56 70
n_n2144 6 70
n_n2176 47 57
n_n2179 65 70
n_n2180 49 67
n_n2226 34 64
n_n2228 64 68
n_n2229 50 67
n_n2277 30 56
n_n2280 55 68
n_n2281 52 61
n_n2327 42 70
n_n2332 46 70
n_n2333 52 69
n_n2388 66 65
n_n2404 54 66
n_n2432 65 67
n_n2466 42 60
n_n2481 70 15
n_n2483 7 22
n_n2484 22 70
n_n2498 20 54
n_n2544 28 52
n_n2546 0 15
n_n2702 70 27
n_n2703 69 18
n_n2715 16 47
n_n2920 37 0
n_n2921 70 18
n_n2933 15 37
n_n3014 29 51
n_n3016 49 54
n_n3302 16 1
n_n3303 69 19
n_n3322 12 38
n_n3341 3 2
n_n3347 46 42
n_n3428 56 22
n_n3509 67 27
n_n3510 68 30
n_n3520 38 48
n_n3682 67 30
n_n3693 40 42
n_n3838 62 32
n_n3839 56 21
n_n3990 67 29
n_n3991 66 29
n_n3997 32 52
n_n424 35 0
n_n429 9 48
n_n430 14 50
n_n434 15 57
n_n4412 65 28
n_n4421 58 24
n_n4433 63 22
n_n4441 58 22
n_n4451 60 32
n_n4459 58 30
n_n4473 59 35
n_n4481 60 28
n_n4489 62 27
n_n450 36 46
n_n4501 65 24
n_n4509 61 26
n_n4519 60 31
n_n4527 60 29
n_n4541 16 44
n_n4543 52 32
n_n4551 64 26
n_n4559 59 24
n_n4571 63 21
n_n4579 57 22
n_n4589 57 31
n_n4597 56 31
n_n4611 53 31
n_n4619 59 28
n_n4639 64 24
n_n4647 61 24
n_n4657 53 32
n_n4688 47 43
n_n4697 26 52
n_n4707 48 56
n_n4709 28 51
n_n4717 52 40
n_n4760 40 36
n_n4814 36 23
n_n4834 58 23
n_n4877 35 26
n_n4943 11 56
n_n5453 11 55
n_n5468 68 41
n_n5481 52 51
n_n5514 68 19
n_n5574 67 20
n_n5604 64 30
n_n5610 49 64
n_n5621 64 31
n_n5644 65 31
n_n5660 64 32
n_n5713 66 27
n_n5729 66 28
n_n5752 66 32
n_n5768 66 31
n_n6064 17 49
n_n6358 61 58
n_n6408 51 42
n_n6545 6 43
n_n6696 17 50
n_n6697 20 49
n_n6710 39 56
n_n6741 39 15
n_n6909 69 28
n_n6910 68 28
n_n695 13 61
n_n7000 60 18
n_n7001 50 26
n_n7082 68 29
n_n7083 67 28
n_n7390 69 29
n_n7391 69 30
n_n7397 33 50
n_n7399 27 51
n_n7400 9 50
n_n755 16 54
n_n7702 50 16
n_n7804 66 30
n_n7805 68 27
n_n7808 66 18
n_n7816 66 8
n_n7825 65 12
n_n7837 62 5
n_n7845 70 5
n_n785 41 47
n_n7855 54 20
n_n7877 52 34
n_n7885 58 10
n_n7893 53 16
n_n7905 59 14
n_n7913 69 7
n_n7923 56 20
n_n7931 57 20
n_n7945 16 46
n_n7947 52 31
n_n7993 64 13
n_n8001 65 14
n_n8015 52 35
n_n8061 64 16
n_n8069 64 14
n_n8097 43 41
n_n8098 50 41
n_n8101 20 47
n_n8104 1 6
n_n8106 23 53
n_n8112 8 46
n_n8118 7 68
n_n8169 40 24
n_n8180 38 40
n_n8223 39 24
n_n8243 42 19
n_n8286 41 25
n_n8340 40 26
n_n8352 65 19
n_n876 28 50
n_n8862 65 18
n_n8876 55 43
n_n8877 62 43
n_n8905 64 12
n_n8913 68 14
n_n8924 66 20
n_n8930 62 61
n_n8932 66 19
n_n8948 63 11
n_n8956 66 15
n_n8968 63 12
n_n8976 66 14
n_n8987 65 20
n_n8994 64 19
n_n9027 64 17
n_n9043 70 17
n_n9064 69 17
n_n9080 70 19
n_n9093 61 59
n_n9141 65 16
n_n9157 67 17
n_n9194 63 18
n_n9245 10 0
n_n9294 44 57
n_n9296 42 56
n_n9302 43 58
n_n9304 42 59
n_n9399 38 1
n_n9516 18 49
n_n9587 44 49
n_n9618 57 42
n_n9647 54 49
n_n9650 7 70
n_n9665 66 40
n_n9680 67 41
n_n9694 68 48
n_n9709 64 43
n_n9725 66 45
n_n9740 63 44
n_n9754 66 43
n_n9769 66 46
n_n9772 65 42
n_n983 9 43
n_n9894 54 48
n_n9895 51 44
n_n9916 57 54
n_n9921 38 56
ni2 8 53
ni3 29 39
nv10056 23 48
nv10068 23 39
nv10082 23 44
nv10086 22 38
nv1009 39 64
nv10099 19 52
nv10126 22 55
nv10130 16 53
nv10135 14 48
nv10143 30 38
nv10153 20 41
nv10156 30 41
nv10162 24 45
nv10167 49 34
nv10169 0 56
nv10172 34 44
nv10174 19 41
nv10178 15 42
nv10187 18 41
nv10222 17 42
nv10237 25 47
nv10247 30 39
nv10258 33 0
nv1030 18 67
nv10316 28 39
nv1052 26 68
nv10727 1 53
nv1073 18 61
nv1096 32 61
nv1117 17 65
nv1138 38 55
nv1162 37 63
nv1183 23 59
nv1205 32 64
nv1226 21 60
nv1249 30 53
nv1270 21 68
nv1316 34 59
nv1337 26 54
nv1359 30 65
nv1380 21 67
nv14 38 58
nv1403 29 61
nv1424 18 65
nv1445 37 55
nv1469 25 64
nv1512 18 55
nv1533 26 66
nv1556 30 60
nv1577 21 63
nv158 41 63
nv1598 36 53
nv16 36 58
nv1620 16 16
nv163 46 60
nv166 44 61
nv181 38 67
nv197 37 67
nv2 39 57
nv2066 30 6
nv209 33 61
nv212 36 65
nv2190 47 58
nv2193 59 49
nv2216 60 52
nv2231 67 59
nv2235 66 60
nv2241 57 58
nv2252 58 53
nv2256 59 53
nv2272 63 54
nv2276 69 56
nv2290 59 48
nv2294 10 69
nv2309 54 47
nv2313 66 49
nv2314 66 55
nv2330 65 47
nv2334 63 62
nv2340 54 50
nv2344 64 51
nv2348 63 63
nv235 34 61
nv2355 62 50
nv2359 65 60
nv2373 50 53
nv2377 69 59
nv2393 68 56
nv2397 69 58
nv2411 66 61
nv2415 70 58
nv243 21 57
nv2430 53 45
nv2434 60 47
nv2448 62 48
nv2458 61 0
nv2462 65 55
nv2469 68 60
nv2473 66 59
nv2478 57 51
nv2482 65 57
nv2489 70 55
nv2493 69 57
nv2498 10 70
nv2502 9 68
nv2508 66 50
nv251 25 53
nv2520 4 54
nv2524 65 54
nv2530 0 39
nv2534 64 52
nv2545 65 59
nv2550 68 59
nv2554 68 57
nv2561 67 58
nv2565 68 58
nv2570 70 61
nv2574 70 59
nv2580 57 47
nv2602 58 51
nv2605 59 51
nv2627 61 53
nv2641 68 50
nv2647 57 57
nv2668 67 44
nv2694 69 55
nv2718 68 49
nv2743 60 43
nv2748 59 46
nv2766 65 49
nv2770 60 51
nv2773 66 54
nv2786 65 46
nv2793 63 52
nv2807 68 46
nv2831 69 43
nv2857 70 51
nv2881 64 40
nv2906 60 48
nv2907 67 35
nv2911 58 46
nv2930 66 53
nv2933 62 47
nv2946 66 52
nv2949 58 54
nv2963 69 50
nv2978 68 45
nv2995 69 54
nv302 14 52
nv3026 61 45
nv3044 67 52
nv3060 65 52
nv3063 58 52
nv3077 68 47
nv3092 69 45
nv31 42 58
nv3109 70 54
nv3124 70 56
nv3140 59 47
nv3156 53 47
nv3163 56 47
nv3187 51 54
nv3194 56 54
nv3202 45 47
nv3214 62 49
nv3245 31 53
nv3252 62 45
nv3260 56 50
nv3273 61 42
nv3280 58 55
nv3304 50 55
nv3311 27 55
nv3319 59 42
nv3362 60 54
nv3369 44 55
nv3377 59 43
nv345 24 59
nv349 45 7
nv354 45 60
nv363 48 62
nv3672 19 49
nv3901 61 43
nv3912 48 30
nv3916 60 57
nv3918 45 59
nv3927 61 60
nv401 68 0
nv4045 60 44
nv406 64 60
nv4172 69 8
nv4198 61 11
nv4234 70 7
nv4242 67 7
nv4252 66 12
nv4260 64 10
nv4284 51 18
nv43 41 58
nv4301 47 18
nv4311 39 27
nv4319 42 25
nv4355 41 19
nv4363 48 18
nv4373 51 17
nv4381 44 27
nv4389 41 31
nv4401 43 18
nv4409 39 23
nv4418 39 20
nv4426 43 21
nv4436 40 25
nv444 49 58
nv4444 43 25
nv4452 40 32
nv4480 41 17
nv4488 44 25
nv4498 44 21
nv4506 45 30
nv4514 49 32
nv4537 52 20
nv4545 46 20
nv4552 45 18
nv4561 39 28
nv4568 39 25
nv4575 38 34
nv4600 42 18
nv4607 46 22
nv4616 50 17
nv4623 41 24
nv4630 42 32
nv4641 40 19
nv4648 37 26
nv4656 38 17
nv4663 43 15
nv4679 42 23
nv4711 47 16
nv4718 46 26
nv4727 42 21
nv4734 45 31
nv4741 49 33
nv4833 48 41
nv4932 70 62
nv4942 47 49
nv525 42 65
nv5285 6 67
nv5287 47 50
nv539 63 64
nv5493 40 17
nv5499 46 24
nv5548 46 19
nv5590 47 15
nv5596 46 25
nv5843 47 41
nv5862 48 42
nv5867 47 51
nv59 15 55
nv590 64 65
nv5906 45 19
nv5954 44 17
nv6010 42 17
nv6017 44 18
nv6072 45 27
nv6104 48 23
nv6110 48 47
nv6146 48 43
nv624 55 61
nv6289 47 42
nv633 41 60
nv6425 2 54
nv6428 7 57
nv644 60 66
nv6450 22 21
nv6459 30 48
nv6462 53 58
nv6472 62 17
nv6486 55 58
nv6576 52 57
nv658 42 68
nv6589 53 57
nv662 25 67
nv666 54 58
nv667 56 56
nv6789 36 31
nv679 29 55
nv6797 34 28
nv6806 41 32
nv6814 31 30
nv6824 42 22
nv683 46 55
nv6851 37 29
nv6859 31 22
nv6868 31 32
nv687 50 64
nv6876 50 20
nv69 43 63
nv6902 38 30
nv6914 54 28
nv6922 50 22
nv6931 31 27
nv6939 48 24
nv6949 34 26
nv6965 38 29
nv6976 52 30
nv699 29 67
nv6993 40 22
nv7001 54 25
nv7011 54 24
nv7019 32 24
nv7027 54 32
nv7050 34 29
nv7058 29 32
nv7065 29 33
nv7074 41 22
nv708 50 58
nv7081 35 30
nv7088 35 33
nv7098 35 27
nv7105 32 22
nv7113 34 31
nv7120 51 23
nv7136 32 27
nv7143 39 31
nv7154 55 32
nv7169 29 25
nv717 7 34
nv7176 43 22
nv7185 32 26
nv7192 36 25
nv7199 41 30
nv7209 53 27
nv7216 48 32
nv7224 45 22
nv7231 50 23
nv7240 54 23
nv7247 31 25
nv7254 53 33
nv726 52 65
nv7346 48 38
nv735 15 29
nv740 45 57
nv7445 12 1
nv7447 31 48
nv7451 54 51
nv750 27 66
nv758 56 57
nv7647 14 0
nv7650 51 51
nv779 13 66
nv7791 4 34
nv7794 54 52
nv78 41 61
nv787 57 59
nv7952 42 33
nv7958 57 32
nv797 43 56
nv8006 55 21
nv801 48 60
nv8049 60 33
nv805 51 59
nv8055 60 27
nv8103 58 25
nv817 45 65
nv821 29 63
nv826 56 59
nv835 20 68
nv8350 47 37
nv8369 49 38
nv839 14 64
nv8402 53 36
nv8409 55 34
nv844 49 59
nv8464 56 26
nv8513 57 33
nv853 28 35
nv8575 57 26
nv858 42 57
nv8605 40 39
nv8608 6 52
nv8628 46 39
nv8633 34 39
nv869 46 64
nv873 32 63
nv883 43 64
nv890 26 65
nv8909 36 48
nv8919 23 54
nv894 55 60
nv899 42 53
nv9029 66 69
nv903 55 59
nv9031 49 57
nv9048 62 60
nv9050 59 64
nv9082 66 67
nv9098 62 59
nv910 28 65
nv914 52 63
nv9145 62 63
nv9189 61 62
nv919 15 58
nv923 52 64
nv9262 60 59
nv928 40 44
nv9285 58 58
nv9297 60 60
nv938 36 70
nv942 27 64
nv9492 67 61
nv952 27 62
nv959 9 67
nv963 0 59
nv968 41 56
nv972 54 60
nv979 29 65
nv988 13 56
nv992 53 64
nv9968 26 50
nv997 31 39
p_cmndst0p0 40 63
p_cmndst1p0 41 55
p_cmnxcp_0 33 58
p_cmx0ad_0 28 70
p_cmx0ad_12 14 53
p_cmx0ad_15 7 16
p_cmx0ad_16 0 28
p_cmx0ad_19 0 66
p_cmx0ad_20 0 52
p_cmx0ad_22 12 49
p_cmx0ad_23 0 38
p_cmx0ad_28 0 19
p_cmx0ad_30 9 70
p_cmx0ad_5 27 70
p_cmx1ad_15 3 65
p_cmx1ad_18 70 26
p_cmx1ad_20 68 31
p_cmx1ad_22 70 48
p_cmx1ad_23 70 45
p_cmx1ad_27 69 63
p_cmx1ad_28 55 0
p_cmx1ad_30 60 70
p_cmx1ad_4 54 0
p_cmx1ad_5 69 0
p_cmx1ad_7 24 39
p_cmxig_0 19 53
p_cmxig_1 28 53
p_cmxir_1 17 46
