15923 6 17
15924 4 31
15929 28 35
15930 6 10
15935 27 28
15936 3 2
15941 12 17
15942 27 30
15947 8 26
15948 1 3
15953 10 22
15954 11 6
15959 28 29
15960 7 8
15965 2 29
15966 4 29
15971 15 12
15972 12 9
15977 0 11
15978 9 19
15983 26 28
15984 7 16
15989 4 28
15990 27 27
15995 9 16
15996 27 32
16001 15 11
16002 10 8
16007 13 15
16008 2 6
16013 1 15
16014 27 31
16015 29 35
16016 27 29
16018 28 30
16019 32 33
16020 26 27
16021 30 31
16022 28 31
16040 1 19
16048 15 1
16059 5 21
16126 10 11
16156 30 25
16173 35 26
16189 34 26
16208 17 4
16222 14 23
16255 34 23
16336 25 26
16338 34 22
16387 16 23
16388 23 26
16404 19 0
16438 33 25
16440 34 25
16465 0 0
16554 22 29
16600 30 26
16668 34 32
16766 26 31
2363 32 29
2373 16 10
2374 8 0
2375 23 25
2379 6 21
2381 22 21
2451 29 33
2460 25 29
2469 32 27
2471 32 26
2472 24 27
2474 22 11
2480 20 10
2485 34 3
2490 27 26
2492 35 9
2504 3 34
2508 23 23
2513 30 19
2517 31 23
2518 26 1
2522 13 18
2525 32 20
2529 31 19
2535 31 11
2542 20 26
2544 17 25
2548 34 29
2558 27 23
2564 26 24
2568 25 17
2571 8 24
2573 16 25
2580 23 15
2588 21 28
2590 24 31
2594 23 12
2607 18 3
2612 22 27
2615 9 7
2634 10 3
2641 34 20
2649 30 22
2657 19 10
2660 34 24
2675 24 24
2679 18 8
2683 6 14
2687 28 23
2697 3 32
2701 13 0
2703 23 18
2711 22 16
2715 27 34
2717 23 17
2722 13 26
2727 19 9
2731 3 0
2737 25 23
2743 25 25
2748 32 25
2763 32 0
2768 24 10
2773 30 20
2774 21 34
2776 28 12
2781 1 32
2782 28 7
2807 29 27
2811 4 26
2813 27 24
2824 4 32
2827 16 1
2835 27 17
2837 8 8
2841 11 26
2845 34 14
2855 1 1
2857 17 26
2871 23 14
2875 23 24
2885 22 24
2891 35 32
2897 22 3
2904 14 34
2909 32 24
2929 10 25
2932 27 10
2937 29 19
2942 27 11
2945 3 23
2953 24 14
2955 32 8
2958 32 19
2961 34 4
2965 11 17
2969 23 27
2976 28 13
2979 9 14
2981 16 24
2985 30 2
2988 10 19
2992 14 30
2994 16 8
3000 31 13
3019 15 24
3027 19 25
3037 21 16
3041 18 7
3051 33 19
3053 19 13
3060 25 16
3061 31 17
3074 33 24
3081 20 3
3085 16 34
3088 5 15
3101 5 24
3107 2 3
3113 18 22
3121 21 8
3125 15 0
3127 1 9
3129 25 24
3131 28 27
3158 12 24
3167 30 9
3192 31 29
3195 27 33
3212 31 25
3213 33 11
3219 26 14
3224 13 34
3227 27 12
3235 9 26
3247 30 16
3253 22 32
3257 25 34
3267 17 14
3277 24 34
3281 33 26
3283 19 24
3289 32 14
3299 14 24
3317 29 16
3321 1 31
3327 22 23
3331 15 25
3335 23 13
3346 19 27
3350 28 33
3352 1 10
3367 34 19
3371 16 35
3376 18 34
3378 29 15
3386 24 8
3388 14 0
3390 24 13
3414 31 9
3424 24 26
3446 33 20
3448 17 7
3450 23 10
3452 21 14
3456 19 5
3495 12 23
3501 23 16
3505 26 11
3521 19 23
3531 23 11
3535 24 17
3541 7 18
3550 7 12
3557 27 25
3567 22 22
3572 30 13
3575 31 20
3581 33 33
3590 13 25
3594 1 4
3606 22 1
3611 19 1
3614 32 18
3620 28 14
3622 9 0
3624 29 9
3633 0 19
3648 34 1
3670 30 27
3676 21 9
3678 16 3
3686 27 22
3694 16 0
3697 33 2
3700 10 0
3705 21 1
3713 32 16
3719 28 25
3725 32 11
3734 7 17
3737 11 2
3743 24 6
3762 14 26
3766 14 25
3773 18 4
3791 17 11
3799 28 8
3801 26 17
3811 17 10
3823 22 13
3833 26 26
3837 7 0
3843 0 6
3847 25 15
3853 29 1
3866 13 24
3876 28 6
3889 25 10
3892 25 11
3896 29 22
3902 29 26
3908 30 24
3928 13 23
3940 25 13
3942 8 18
3951 24 11
3968 25 1
3972 20 11
3978 17 22
3998 2 0
4002 1 2
4003 29 24
4007 30 33
4027 24 32
4041 0 20
4053 22 26
4085 21 17
4087 19 11
4091 17 5
4101 27 3
4103 25 9
4108 16 9
4113 19 12
4117 15 6
4141 33 10
4157 31 34
4163 3 30
4173 30 0
4193 22 25
4207 5 0
4213 23 9
4220 32 7
4234 9 9
4242 30 3
4248 21 11
4256 11 19
4261 29 2
4265 33 1
4280 29 11
4283 2 34
4290 11 0
4294 26 16
4296 32 12
4310 24 16
4316 1 0
4319 31 22
4322 24 15
4330 17 24
4354 10 35
4364 32 2
4388 21 25
4401 27 16
4424 29 25
4444 23 2
4468 9 11
4472 6 0
4475 20 23
4480 4 0
4496 29 10
4498 20 7
4505 33 21
4508 34 21
4520 28 10
4522 26 10
4544 18 12
4548 32 9
4620 26 13
4630 35 20
4634 0 1
4648 28 15
4650 26 25
4652 28 16
4654 2 35
4664 30 23
4760 15 23
4827 18 24
4843 23 22
4847 20 9
4851 20 1
4886 0 12
4899 4 20
4918 1 21
4927 4 33
4934 3 29
4948 1 25
4955 7 15
4956 13 13
4969 8 13
4997 20 27
5226 28 24
5245 25 2
5251 18 0
5276 16 5
5394 19 14
5403 35 18
5477 26 0
5521 5 2
n_n0 34 33
n_n1 21 2
n_n11 13 6
n_n6911 26 35
n_n6914 18 21
n_n6915 32 21
n_n6916 16 30
n_n6922 15 16
n_n6923 18 32
n_n6929 28 9
n_n6935 28 19
n_n6936 35 33
n_n6938 26 15
n_n6939 20 25
n_n6940 29 14
n_n6941 5 16
n_n6942 4 17
n_n6943 5 32
n_n6944 10 27
n_n6945 5 28
n_n6946 13 28
n_n6947 30 35
n_n6949 35 15
n_n6951 33 35
n_n6953 15 27
n_n6954 35 8
n_n6955 18 6
n_n6958 24 5
n_n6965 17 15
n_n6967 19 35
n_n6969 14 17
n_n6970 20 24
n_n6972 28 20
n_n6973 33 13
n_n6977 25 28
n_n6982 2 16
n_n6983 0 21
n_n6985 0 18
n_n6987 13 35
n_n6994 31 5
n_n6996 12 31
n_n6997 13 31
n_n6998 13 30
n_n6999 19 33
n_n7 32 28
n_n7000 11 4
n_n7002 7 35
n_n7005 23 33
n_n7006 10 24
n_n7008 8 29
n_n7009 30 5
n_n7010 25 19
n_n7012 25 0
n_n7014 22 10
n_n7018 35 6
n_n7023 35 35
n_n7025 12 35
n_n7029 33 6
n_n7032 0 34
n_n7034 19 15
n_n7036 10 31
n_n7037 9 28
n_n7039 23 8
n_n7040 19 22
n_n7046 35 12
n_n7049 6 35
n_n7051 0 25
n_n7058 18 30
n_n7060 15 19
n_n7061 17 21
n_n7064 35 0
n_n7066 21 24
n_n7067 28 5
n_n7071 27 6
n_n7077 31 28
n_n7080 31 21
n_n7084 25 22
n_n7085 28 21
n_n7086 28 26
n_n7087 26 23
n_n7091 21 29
n_n7092 17 19
n_n7094 32 32
n_n7095 29 34
n_n7096 20 4
n_n7097 21 19
n_n7100 18 14
n_n7103 16 22
n_n7109 21 22
n_n7113 30 4
n_n7114 11 34
n_n7116 0 7
n_n7118 21 15
n_n7122 16 20
n_n7125 21 27
n_n7135 34 11
n_n7139 4 34
n_n7141 8 34
n_n7142 10 34
n_n7143 17 32
n_n7145 0 28
n_n7149 22 35
n_n7153 0 3
n_n7158 22 6
n_n7165 17 31
n_n7166 27 4
n_n7169 24 18
n_n7171 25 20
n_n7175 17 0
n_n7180 1 34
n_n7182 0 4
n_n7184 23 30
n_n7186 34 18
n_n7188 22 4
n_n7191 18 33
n_n7192 17 33
n_n7199 29 29
n_n7200 24 19
n_n7201 22 15
n_n7204 31 10
n_n7208 9 35
n_n7210 20 14
n_n7211 17 29
n_n7212 34 9
n_n7213 15 15
n_n7214 22 5
n_n7215 25 5
n_n7219 15 29
n_n7220 12 29
n_n7221 6 32
n_n7222 11 33
n_n7223 10 33
n_n7224 5 31
n_n7229 24 20
n_n7232 35 10
n_n7233 13 20
n_n7235 18 18
n_n7240 19 17
n_n7241 34 15
n_n7243 34 35
n_n7245 35 17
n_n7249 16 27
n_n7250 15 28
n_n7253 22 18
n_n7257 20 19
n_n7260 33 0
n_n7263 12 34
n_n7264 9 33
n_n7265 17 20
n_n7266 6 1
n_n7268 12 32
n_n7275 35 27
n_n7285 32 35
n_n7290 25 35
n_n7297 27 15
n_n7299 13 27
n_n7303 27 19
n_n7304 19 19
n_n7309 30 28
n_n7311 27 21
n_n7314 0 16
n_n7323 33 16
n_n7326 20 15
n_n7329 0 17
n_n7333 27 5
n_n7335 20 0
n_n7337 33 27
n_n7339 7 30
n_n7340 11 28
n_n7348 17 13
n_n7349 19 21
n_n7351 19 34
n_n7353 30 15
n_n7357 5 35
n_n7369 17 30
n_n7370 17 28
n_n7372 34 5
n_n7380 35 22
n_n7383 26 5
n_n7385 23 7
n_n7386 35 7
n_n7404 8 33
n_n7405 12 27
n_n7406 10 28
n_n7407 5 29
n_n7408 7 34
n_n7410 9 25
n_n7412 10 30
n_n7414 35 4
n_n7416 26 34
n_n7421 11 27
n_n7432 23 29
n_n7438 25 21
n_n7439 33 32
n_n7445 22 8
n_n7460 26 4
n_n7466 28 34
n_n7471 31 8
n_n7486 33 12
n_n7490 0 26
n_n7492 15 35
n_n7494 29 4
n_n7495 11 29
n_n7496 9 30
n_n7501 24 23
n_n7502 26 22
n_n7506 0 8
n_n7508 18 20
n_n7515 29 3
n_n7516 19 28
n_n7517 20 28
n_n7525 22 20
n_n7526 28 4
n_n7529 0 27
n_n7532 21 10
n_n7535 33 30
n_n7538 32 34
n_n7544 33 22
n_n7548 3 14
n_n7555 0 23
n_n7559 29 7
n_n7560 18 5
n_n7564 19 32
n_n7566 30 29
n_n7573 34 34
n_n7574 14 35
n_n7585 28 0
n_n7587 23 19
n_n7589 21 23
n_n7590 21 32
n_n7591 21 30
n_n7593 18 17
n_n7613 7 32
n_n7614 27 9
n_n7616 6 31
n_n7618 33 5
n_n7621 34 27
n_n7631 33 9
n_n7632 16 14
n_n7633 14 2
n_n7634 11 35
n_n7637 34 31
n_n7639 16 33
n_n7646 32 6
n_n7647 22 17
n_n7648 21 21
n_n7658 35 14
n_n7662 18 19
n_n7669 25 12
n_n7671 22 34
n_n7675 17 17
n_n7676 16 19
n_n7680 21 18
n_n7690 34 12
n_n7698 35 25
n_n7705 9 34
n_n7716 0 2
n_n7718 25 6
n_n7719 33 14
n_n7727 33 17
n_n7731 16 32
n_n7733 16 29
n_n7745 9 29
n_n7747 31 33
n_n7750 30 32
n_n7753 18 16
n_n7778 32 22
n_n7796 3 8
n_n7797 35 21
n_n7799 9 13
n_n7805 9 32
n_n7818 35 28
n_n7828 29 30
n_n7830 16 31
n_n7832 15 31
n_n7838 15 20
n_n7839 20 13
n_n7840 23 34
n_n7868 26 18
n_n7869 34 28
n_n7872 12 26
n_n7883 35 23
n_n7891 19 26
n_n7893 12 0
n_n7895 31 12
n_n7897 30 18
n_n7899 32 5
n_n7904 34 8
n_n7916 20 20
n_n7917 11 31
n_n7919 6 34
n_n7924 17 27
n_n7939 12 25
n_n7943 34 0
n_n7958 22 0
n_n7972 25 31
n_n7977 0 9
n_n7979 15 32
n_n7982 8 14
n_n7984 20 5
n_n7987 17 34
n_n7989 18 31
n_n7992 24 7
n_n7996 24 12
n_n7998 6 15
n_n8013 19 20
n_n8019 30 21
n_n8023 32 17
n_n8028 32 23
n_n8034 30 10
n_n8041 13 29
n_n8046 0 5
n_n8054 21 0
n_n8062 30 7
n_n8063 12 28
n_n8065 15 30
n_n8074 34 13
n_n8077 18 28
n_n8094 18 29
n_n8105 28 22
n_n8111 35 29
n_n8120 21 35
n_n8126 27 20
n_n8154 35 30
n_n8156 35 31
n_n8169 15 10
n_n8170 9 5
n_n8172 3 25
n_n8178 6 13
n_n8180 26 9
n_n8181 31 31
n_n8189 23 6
n_n8190 11 15
n_n8194 35 2
n_n8207 31 26
n_n8209 14 29
n_n8211 27 8
n_n8215 0 30
n_n8217 26 3
n_n8218 6 33
n_n8220 14 33
n_n8229 35 13
n_n8242 4 35
n_n8244 31 35
n_n8246 31 4
n_n8248 33 4
n_n8250 27 0
n_n8255 28 17
n_n8257 32 13
n_n8259 20 31
n_n8264 9 31
n_n8265 7 31
n_n8283 29 31
n_n8286 29 32
n_n8289 15 34
n_n8293 27 1
n_n8299 10 5
n_n8307 34 7
n_n8309 22 7
n_n8314 33 23
n_n8317 21 26
n_n8320 16 26
n_n8321 15 26
n_n8325 8 27
n_n8327 8 32
n_n8335 8 31
n_n8343 19 29
n_n8346 21 31
n_n8347 4 21
n_n8353 25 33
n_n8356 32 31
n_n8363 9 18
n_n8364 2 26
n_n8372 7 27
n_n8373 22 33
n_n8374 32 4
n_n8376 16 21
n_n8379 20 18
n_n8380 14 28
n_n8385 28 32
n_n8388 35 24
n_n8391 24 35
n_n8393 20 34
n_n8395 19 31
n_n8399 27 13
n_n8401 18 13
n_n8405 24 0
n_n8409 25 7
n_n8411 27 14
n_n8418 24 30
n_n8420 24 25
n_n8424 29 12
n_n8431 25 30
n_n8434 25 32
n_n8440 0 13
n_n8444 7 33
n_n8453 0 31
n_n8463 19 16
n_n8465 31 16
n_n8469 21 13
n_n8472 16 13
n_n8475 30 12
n_n8476 7 29
n_n8478 31 27
n_n8479 11 32
n_n8483 30 14
n_n8484 24 28
n_n8493 33 31
n_n8495 19 18
n_n8498 22 14
n_n8509 27 35
n_n8518 20 17
n_n8521 24 33
n_n8527 9 6
n_n8532 6 28
n_n8534 14 32
n_n8548 26 32
n_n8551 15 21
n_n8553 16 15
n_n8559 16 16
n_n8565 21 6
n_n8567 31 1
n_n8593 23 31
n_n8598 30 11
n_n8604 0 33
n_n8610 28 11
n_n8612 6 23
n_n8624 26 7
n_n8635 7 28
n_n8639 17 16
n_n8640 25 18
n_n8654 0 24
n_n8656 8 30
n_n8658 14 27
n_n8660 13 33
n_n8671 18 35
n_n8682 30 34
n_n8684 4 1
n_n8696 8 28
n_n8698 12 30
n_n8703 28 2
n_n8706 26 29
n_n8712 0 22
n_n8724 1 35
n_n8730 31 24
n_n8733 25 27
n_n8737 1 16
n_n8740 26 30
n_n8752 23 21
n_n8754 29 21
n_n8761 35 5
n_n8764 29 13
n_n8766 21 12
n_n8767 5 34
n_n8768 5 33
n_n8771 23 20
n_n8783 24 29
n_n8784 22 28
n_n8785 14 21
n_n8788 20 22
n_n8802 12 14
n_n8816 35 3
n_n8820 22 31
n_n8825 18 26
n_n8827 26 21
n_n8829 18 9
n_n8830 0 14
n_n8832 20 30
n_n8837 24 21
n_n8840 8 35
n_n8842 10 29
n_n8851 21 5
n_n8853 29 17
n_n8859 16 17
n_n8861 28 18
n_n8863 17 18
n_n8870 16 18
n_n8872 32 10
n_n8873 18 15
n_n8878 23 0
n_n8890 29 6
n_n8899 16 28
n_n8907 5 27
n_n8917 20 35
n_n8919 20 16
n_n8920 0 35
n_n8922 30 30
n_n8926 33 34
n_n8932 31 32
n_n8934 13 12
n_n8940 13 19
n_n8945 0 10
n_n8947 30 17
n_n8949 34 17
n_n8950 29 5
n_n8956 34 6
n_n8960 21 20
n_n8967 12 6
n_n8973 35 1
n_n8976 34 30
n_n8979 23 28
n_n8995 31 18
n_n8997 13 22
n_n8999 29 20
n_n9 18 27
n_n9001 30 6
n_n9005 35 11
n_n9014 25 8
n_n9018 24 22
n_n9032 31 6
n_n9035 34 10
n_n9037 20 29
n_n9038 20 33
n_n9058 6 29
n_n9060 6 30
n_n9063 12 33
n_n9065 14 31
n_n9074 27 7
n_n9076 20 21
n_n9079 22 19
n_n9080 11 30
n_n9084 29 0
n_n9086 31 7
n_n9090 9 27
n_n9091 15 33
n_n9103 30 8
n_n9107 29 18
n_n9109 22 12
n_n9140 22 9
n_n9149 10 26
n_n9156 29 8
n_n9158 17 23
n_n9185 19 30
n_n9188 20 32
n_n9206 14 19
n_n9207 18 25
n_n9218 34 16
n_n9220 26 6
n_n9227 31 0
n_n9234 26 8
n_n9236 24 9
n_n9240 32 15
n_n9246 32 30
n_n9250 18 23
n_n9256 21 33
n_n9258 35 34
n_n9285 33 7
n_n9287 23 5
n_n9293 29 23
n_n9305 3 35
n_n9307 33 28
n_n9326 15 22
n_n9328 6 3
n_n9330 2 10
n_n9367 31 14
n_n9372 0 29
n_n9385 33 29
n_n9389 11 25
n_n9409 3 11
n_n9415 23 32
n_n9443 17 35
n_n9445 23 35
n_n9447 26 33
n_n9454 14 22
n_n9472 26 12
n_n9474 0 15
n_n9478 11 24
n_n9504 10 32
n_n9511 22 30
n_n9517 25 14
n_n9519 33 15
n_n9521 5 30
n_n9524 13 32
n_n9527 33 18
n_n9529 0 32
n_n9543 2 9
n_n9551 11 16
n_n9562 27 18
n_n9565 26 19
n_n9567 26 20
n_n9577 17 9
n_n9579 35 19
n_n9610 14 18
n_n9614 33 8
n_n9622 31 15
n_n9625 35 16
n_n9639 31 30
nen3_2 29 28
nrq2_9 28 28
