100 47 47
101 32 19
1011 15 10
1018 11 14
102 12 30
1060 47 9
1061 47 17
1062 24 20
1064 47 14
1069 23 20
1076 12 36
1079 13 31
1094 14 30
1095 22 4
1097 30 25
1101 32 26
1102 30 28
1113 14 15
1121 9 37
1132 15 1
1141 21 38
1149 37 21
1150 34 23
1156 40 38
1159 37 32
1163 10 28
1171 11 29
118 22 20
1181 11 1
119 31 23
1192 36 21
1194 23 25
1196 15 23
1198 35 6
1217 34 45
1230 44 31
1231 22 40
1237 45 25
124 4 17
1250 13 0
1251 21 26
1254 34 30
1259 40 20
1261 31 27
1264 10 39
1265 11 39
1291 0 6
1305 17 29
1311 17 24
1322 16 13
1327 29 21
1329 18 37
1333 34 40
1334 28 34
1340 20 21
1348 40 42
1349 25 33
135 31 15
137 40 24
1372 42 29
1378 25 2
1383 15 35
1387 26 46
1400 14 47
1413 31 26
1416 36 31
1423 6 28
1424 33 30
143 30 38
1439 18 36
1450 12 32
1463 19 25
1469 26 39
1475 8 39
1483 45 30
1488 36 26
1489 45 18
1491 32 35
1508 21 28
1514 38 27
1529 41 45
153 11 32
1530 47 26
154 26 33
1545 10 42
157 18 30
1594 31 42
1596 42 24
1597 42 18
160 24 17
1600 33 8
1606 27 17
1627 27 26
1637 47 8
1639 26 20
164 22 25
1641 33 37
1647 20 29
1648 35 40
165 33 28
1656 46 31
1657 42 26
166 14 32
1661 31 22
1662 33 26
1668 22 31
1669 30 0
1678 17 33
1682 36 29
1686 7 43
169 9 46
1693 45 27
1696 31 3
1699 23 43
1703 6 43
1707 8 43
1723 11 41
1730 39 39
1737 14 26
1753 6 4
1755 24 22
1773 20 28
1776 25 17
1777 10 38
1793 32 41
1794 8 38
1797 31 43
180 17 28
1803 45 22
1807 35 16
1813 35 30
1814 36 20
1819 25 47
1822 40 40
1836 47 10
1837 40 12
184 34 11
1843 11 43
1849 20 26
185 0 3
1868 23 42
1874 0 15
1878 18 44
1897 35 18
1898 44 14
190 33 1
1905 25 43
1910 45 15
1914 28 44
1918 30 37
19195 1 8
19208 9 12
19217 5 46
1924 24 47
19241 15 44
19243 46 12
19244 13 45
19249 13 47
19250 15 45
19260 18 45
19265 0 25
19267 40 5
19271 10 44
19279 12 42
19284 12 43
19307 6 47
19311 10 41
19313 12 44
19318 10 26
19327 17 45
19331 14 46
19334 21 23
19339 9 19
19348 3 20
19353 15 3
1937 37 37
19374 11 44
1938 42 9
19383 19 33
1939 40 18
19396 35 23
1940 27 40
19400 46 44
19402 2 47
19407 41 14
19417 39 13
19420 37 46
1943 27 42
19435 43 46
19442 18 33
19443 44 15
19447 30 22
19475 28 14
1948 43 42
19499 44 38
195 42 23
1950 23 35
19515 38 25
19516 32 33
19528 32 31
1953 43 44
19539 39 19
19548 38 35
19550 40 43
19568 41 16
19571 24 0
19575 18 13
19577 18 43
19582 33 44
196 11 27
19605 22 39
19610 12 41
19613 4 19
19633 11 42
19648 13 38
19661 30 46
19669 17 38
1968 26 31
19685 33 23
1969 22 32
19692 26 26
197 3 39
1970 33 29
19706 36 11
1971 32 29
19711 32 21
19713 27 0
19720 19 31
19725 29 28
19727 17 26
19732 16 32
19747 46 32
19753 37 39
19758 4 28
1976 16 37
1978 20 40
19801 18 35
19802 28 35
19807 28 30
19830 9 42
19831 13 43
19842 32 37
19848 27 5
19852 38 22
19855 43 29
19859 24 23
19864 24 35
19868 37 30
19893 36 10
199 30 17
19914 46 27
19921 41 21
19948 9 41
19949 17 25
19974 19 26
19977 26 29
19996 30 47
19997 29 46
200 24 28
20000 0 0
20012 16 42
20017 9 44
2002 17 42
20028 29 47
20038 29 29
20056 3 30
20075 26 34
20076 30 33
20081 28 37
20085 16 31
20087 35 5
20090 27 45
20101 41 27
20113 35 41
20121 33 16
20129 22 30
20136 20 41
20137 33 25
20153 39 34
20155 44 25
20161 47 39
20164 46 42
2019 31 36
20203 29 32
2023 20 38
20232 46 34
20248 36 35
20264 13 24
20273 25 23
20275 28 15
20279 35 28
20285 45 23
20290 44 12
20299 33 33
20309 21 36
20310 9 47
20323 39 33
20325 25 25
2034 44 26
20341 20 39
20347 38 42
20350 45 41
20356 27 15
20358 43 25
20364 39 32
20365 41 26
20369 35 37
20370 31 13
20379 29 18
20405 34 14
2041 38 38
20415 32 11
20419 35 20
20424 37 33
20434 31 37
20437 28 11
20449 34 32
20454 34 36
20455 30 34
20461 35 31
20463 33 21
20479 45 40
20490 40 15
20491 41 12
20492 29 27
20506 38 13
20510 32 25
20516 46 14
20520 31 38
20527 16 22
20532 1 41
20536 25 45
20559 42 45
2059 35 27
20593 26 17
20604 41 28
20608 27 30
20614 42 28
20616 29 45
2063 40 14
20658 32 40
20667 14 28
2067 46 28
20705 24 33
20712 20 27
2072 23 44
20722 27 33
20746 28 21
20751 36 39
20756 38 32
20758 37 12
20769 9 22
20776 35 17
20797 35 0
20798 39 43
208 26 15
20809 27 22
20817 19 29
2082 23 26
20827 38 26
20833 45 34
20840 25 5
20846 37 41
20858 47 27
20872 28 46
20874 14 27
20875 6 30
20883 40 45
20895 23 27
20898 41 42
20912 32 44
2092 8 36
20920 13 36
20931 25 28
20938 42 13
20942 6 32
20947 33 5
20950 35 14
20962 35 44
20971 39 46
20973 35 46
20981 39 30
20989 26 21
20996 23 46
21003 34 31
21013 28 28
21017 26 35
21022 13 39
21035 38 36
2104 31 31
21042 30 13
21054 45 43
21061 46 17
21076 32 42
21077 25 36
21089 22 2
21098 33 36
21110 32 36
21120 44 40
21134 38 10
21136 41 47
21148 44 42
21180 0 41
21191 31 18
21196 30 9
212 32 27
21204 43 21
21233 28 43
21243 28 45
21248 39 42
21253 35 15
21257 47 45
21266 29 11
2127 32 30
21271 46 11
21279 29 33
21288 30 45
21298 29 37
21303 29 40
21313 21 43
21332 35 10
21348 42 39
21350 27 9
21362 10 5
21379 16 15
2138 24 31
21390 22 42
214 8 11
21404 45 46
21427 15 4
21435 15 32
21445 10 32
21459 32 6
21466 17 32
21474 16 16
21478 33 39
21482 25 0
21491 34 33
21497 28 25
215 2 32
21500 37 36
21517 39 12
21521 6 1
21530 29 15
21537 35 34
21541 38 24
21561 36 42
21579 36 37
21586 27 44
21608 27 10
2162 43 35
21624 7 39
21627 27 12
21636 41 38
21639 38 39
21642 41 40
21643 39 37
21651 33 20
21655 47 15
21660 31 33
21663 33 45
21676 39 17
21681 19 19
21686 40 26
21687 26 32
2169 11 37
21690 22 19
21691 42 38
2170 8 37
21713 37 25
21723 47 44
21724 25 24
21726 4 29
21732 4 35
21741 25 32
21743 20 34
21744 40 39
21753 6 46
21756 44 3
21762 14 8
21766 18 31
21772 30 19
21781 17 36
21790 33 47
21805 10 36
21815 39 38
21823 37 35
21827 4 27
2183 38 43
21857 42 37
21884 44 17
21910 32 47
21918 30 14
21929 22 29
21938 25 37
21954 32 34
21959 34 39
21975 29 19
21984 40 30
21998 46 19
220 30 11
2200 47 35
22005 34 25
22017 40 29
22029 29 25
22048 6 24
2205 35 8
22050 39 20
22059 25 40
22066 25 16
22067 36 47
22090 13 41
22106 23 37
22115 47 41
22134 27 23
22140 30 27
22185 47 16
22211 37 22
22227 33 43
22231 7 25
22236 28 36
22249 29 38
2225 37 18
22282 3 16
223 8 1
22300 6 45
22309 35 36
22310 28 31
22315 42 36
22334 23 13
22335 17 39
2235 40 22
22363 17 14
2237 43 5
22380 41 34
22384 42 17
2239 38 21
224 20 31
2240 36 8
22404 15 25
22416 28 12
22426 36 2
2243 35 29
22438 41 31
22446 41 20
22456 9 35
22459 1 19
2246 18 29
22461 14 29
22471 2 25
22495 25 31
225 44 0
22518 19 28
22523 10 11
22538 6 37
22544 40 19
22552 39 27
22566 38 15
2258 24 30
22596 41 15
2260 32 13
22620 26 30
22631 28 5
2264 15 31
22648 33 38
2265 15 42
22670 30 42
2268 23 28
22680 22 14
22683 32 22
22698 43 11
227 37 8
22712 31 11
22722 30 32
22725 6 35
22742 10 31
22758 33 24
22766 7 9
22769 15 30
22778 45 9
22793 47 37
228 46 40
22812 34 27
22830 26 23
2291 13 34
230 43 23
2306 41 22
2308 36 19
2309 36 18
233 32 46
2345 42 21
235 45 13
2350 22 18
2354 20 36
236 23 22
2361 41 33
2364 37 42
2374 17 23
238 18 41
2398 42 31
2403 34 10
241 3 0
2425 40 41
2426 19 46
2428 19 47
243 19 39
2430 42 34
2436 44 35
2447 23 33
245 16 25
2457 28 18
2458 34 44
246 36 12
2465 41 41
2474 17 47
2478 41 37
2486 45 11
2496 15 33
250 1 30
2503 31 34
2508 36 34
2516 22 35
2526 40 28
2533 36 22
2534 30 29
254 0 29
2542 37 15
2550 25 38
2551 21 40
256 36 14
2572 29 44
2581 26 13
2593 34 21
2602 39 26
262 30 20
263 28 32
2631 47 40
2637 35 21
2640 21 20
2652 22 36
2659 38 18
2673 33 15
268 31 24
270 2 45
2704 31 32
2725 41 29
2726 32 8
274 39 10
2740 42 25
276 39 28
2776 34 22
278 8 47
2781 40 36
2798 47 0
281 33 27
2813 23 2
2822 10 8
2831 28 17
2839 20 7
2864 28 8
287 12 47
2889 46 18
291 27 21
2913 42 35
2917 40 10
292 30 21
2920 25 22
2928 19 41
2942 37 6
2943 17 35
2975 19 34
2981 17 37
2982 19 35
2999 46 15
300 18 46
3005 43 40
301 23 34
3012 23 39
3018 8 34
3032 43 24
304 30 31
305 31 30
306 30 39
311 21 39
317 27 37
3179 31 41
3186 24 42
3198 28 33
320 41 30
3211 43 22
3215 41 43
3219 42 22
3241 22 27
325 42 27
326 19 21
3262 35 11
3272 15 34
3277 8 40
3282 26 36
3283 16 30
3287 27 36
3288 15 36
3292 38 37
330 23 24
331 12 28
3316 20 44
3317 26 38
333 41 4
3340 9 27
3344 19 27
335 27 32
3370 35 2
3398 11 35
3416 45 44
342 5 32
3428 30 23
3432 16 34
3441 27 20
345 33 9
3452 21 1
347 18 20
3480 10 37
3496 38 30
3500 36 24
3510 27 38
3518 26 44
352 6 42
3520 34 34
3533 26 24
3551 45 29
3558 43 39
3563 42 5
3565 47 36
357 37 43
3572 31 17
3576 30 16
3577 32 16
3578 44 21
3588 25 42
3600 21 44
361 29 43
3612 28 42
362 27 41
3626 28 24
3627 24 19
3636 44 46
364 3 35
3642 32 12
3660 23 38
3661 24 38
3673 47 42
3674 47 43
368 33 35
3681 45 12
3682 26 25
3708 24 13
3733 9 45
3736 31 20
375 22 24
3754 30 40
3755 31 40
3771 37 27
378 41 44
3790 37 16
380 40 46
3800 25 15
381 40 27
383 36 46
3830 40 47
3831 29 30
384 10 43
3843 26 28
385 39 22
3852 16 29
3870 16 40
3884 45 32
389 10 9
3896 33 18
392 33 40
396 15 27
3975 27 47
3976 25 18
399 17 11
40 11 8
4016 23 15
4036 38 31
4044 38 40
405 42 6
407 35 32
4072 29 17
408 34 16
4080 33 22
4081 11 21
409 42 42
4100 46 21
411 27 13
4120 45 8
414 16 23
4166 15 40
4183 19 24
4196 27 29
4202 26 7
4234 14 40
4235 14 41
4248 32 20
4259 29 20
4264 32 17
4276 42 0
4285 43 45
4319 22 45
4322 4 12
433 5 27
4330 24 45
434 5 17
4344 18 40
436 27 25
4360 34 12
4391 21 33
44 20 12
4409 17 31
4414 22 17
4417 25 19
4423 30 35
444 25 21
4453 30 30
4463 12 1
4470 24 43
4472 39 15
4492 41 25
452 12 39
453 26 37
455 39 36
4557 46 24
4558 45 24
456 10 6
457 20 25
4573 42 10
4574 45 20
4587 44 36
4593 38 14
460 46 37
461 16 36
462 8 16
464 27 35
4655 16 45
4656 21 30
4679 36 13
4680 22 23
4684 31 16
469 45 10
4691 34 18
471 35 47
4720 24 41
4726 15 37
476 31 7
4766 28 23
478 42 41
479 6 17
4790 37 23
48 6 40
4807 25 27
481 47 21
4839 35 13
484 5 28
4845 37 13
486 28 27
4869 40 16
4870 30 18
4871 16 35
4882 10 46
4889 14 39
4890 0 35
4892 9 40
4899 6 41
497 2 42
4974 37 10
50 9 38
5013 43 31
503 10 47
5036 40 25
5047 37 38
5048 36 45
5054 43 9
5059 42 16
507 27 8
5076 28 0
5099 37 31
51 21 37
5115 24 24
5138 9 43
514 0 40
5140 8 35
5144 8 44
516 8 3
5161 28 16
5185 31 12
519 44 45
52 40 23
5215 36 44
5248 47 32
5262 46 20
529 19 42
5327 38 20
533 23 45
5336 34 26
5340 33 12
5341 33 14
5344 45 16
5347 43 16
5348 27 16
535 12 46
5356 20 46
5369 23 41
5371 8 42
5372 16 44
54 31 5
5413 14 43
5445 14 44
545 29 8
5457 7 46
546 31 14
5472 26 42
5478 21 42
548 34 38
55 33 46
550 25 26
5510 40 21
5515 36 17
5517 26 41
5565 22 44
5569 22 46
557 35 42
5588 39 24
559 32 39
5592 37 26
5596 47 11
56 45 38
5607 41 0
5613 28 29
5617 40 11
5637 33 32
5642 34 24
5657 35 25
5661 37 28
5699 36 27
57 16 38
571 36 23
5726 45 31
573 33 10
5750 29 16
5754 23 5
5778 32 24
579 21 22
5813 11 47
582 33 34
584 41 10
5844 4 44
5849 5 47
586 14 33
5875 14 45
5879 21 21
5885 0 13
589 44 20
5893 20 5
5900 9 8
591 39 41
5923 7 40
5936 4 38
5953 17 44
5973 9 39
5985 16 33
5988 44 4
5990 12 37
5999 0 20
60 12 24
6020 9 25
609 12 40
61 39 14
62 37 17
622 29 4
624 36 0
629 11 33
632 27 27
635 47 13
636 46 10
639 35 26
64 22 33
645 28 19
653 28 38
654 34 42
657 43 38
658 37 45
66 2 28
662 34 46
667 20 37
67 27 39
68 18 26
686 34 41
688 43 13
693 44 30
694 45 37
696 6 15
697 41 17
699 38 34
70 37 9
706 40 32
708 20 33
71 15 41
712 31 47
716 43 8
72 0 18
723 0 17
736 42 40
737 36 25
74 44 41
740 47 12
742 23 0
747 40 44
75 32 10
760 32 23
761 31 25
763 27 24
767 19 38
77 22 21
79 24 11
792 41 46
793 12 18
794 16 11
806 16 24
807 26 40
814 41 35
82 36 28
825 22 26
826 13 42
83 41 8
833 38 44
84 44 29
850 46 39
855 18 38
858 29 26
862 20 43
863 32 45
867 39 11
869 44 18
87 21 3
878 37 19
88 11 31
880 7 45
887 31 29
89 18 25
893 14 42
896 10 30
897 15 46
898 0 36
899 2 39
900 13 46
901 18 12
904 21 45
905 16 27
906 15 17
907 10 45
908 20 45
911 11 0
912 21 19
913 13 30
914 20 20
916 7 16
930 24 16
931 39 29
936 26 8
938 14 37
939 34 0
943 25 7
955 35 19
957 20 35
96 20 42
976 33 19
983 21 27
988 42 46
99 15 29
990 28 39
992 38 28
998 40 37
n_n10 44 10
n_n102 31 39
n_n105 17 43
n_n106 34 13
n_n107 41 11
n_n108 34 8
n_n1089 43 26
n_n109 33 11
n_n1092 21 32
n_n1097 9 28
n_n11 34 7
n_n110 33 4
n_n1101 18 3
n_n1108 28 41
n_n1109 0 46
n_n111 4 25
n_n1111 24 29
n_n112 46 26
n_n1120 29 35
n_n113 17 30
n_n1142 47 20
n_n1151 37 47
n_n1152 43 12
n_n12 43 32
n_n1212 36 43
n_n1215 30 4
n_n1240 27 34
n_n1242 42 33
n_n1243 23 21
n_n1262 23 29
n_n13 30 24
n_n1320 38 46
n_n133 23 40
n_n1339 43 14
n_n1341 0 2
n_n135 7 47
n_n1356 26 43
n_n1359 25 34
n_n1370 18 34
n_n14 35 12
n_n143 16 41
n_n1433 43 30
n_n144 0 21
n_n145 26 22
n_n147 22 22
n_n1476 44 16
n_n148 30 26
n_n149 19 17
n_n1490 33 3
n_n15 46 45
n_n150 12 45
n_n151 24 15
n_n1536 43 27
n_n1542 46 25
n_n1584 36 15
n_n1591 32 0
n_n1597 32 38
n_n1598 32 32
n_n16 2 0
n_n1604 10 35
n_n1624 47 18
n_n1628 43 34
n_n1633 39 16
n_n1645 26 6
n_n1670 8 45
n_n1679 31 0
n_n1688 9 1
n_n1693 42 15
n_n1697 24 34
n_n17 44 34
n_n1703 31 45
n_n1705 13 2
n_n1709 40 33
n_n171 43 1
n_n1711 15 9
n_n1715 37 20
n_n1724 43 10
n_n1752 38 41
n_n1753 37 24
n_n1773 43 33
n_n1785 8 30
n_n179 17 27
n_n1792 31 21
n_n186 8 18
n_n197 13 33
n_n20 40 35
n_n200 13 37
n_n204 40 13
n_n206 34 19
n_n2060 23 6
n_n2062 26 47
n_n2086 23 9
n_n21 39 2
n_n2110 18 23
n_n212 39 40
n_n2140 21 29
n_n2155 41 36
n_n216 45 21
n_n22 42 32
n_n220 1 16
n_n222 7 30
n_n223 13 44
n_n226 8 21
n_n2272 44 22
n_n228 0 38
n_n236 39 9
n_n24 44 37
n_n240 16 39
n_n2440 26 18
n_n246 32 4
n_n2467 25 44
n_n25 43 37
n_n252 38 12
n_n256 9 6
n_n257 18 28
n_n2578 42 30
n_n2579 44 47
n_n258 2 26
n_n2599 43 43
n_n26 37 11
n_n2603 17 34
n_n2618 36 16
n_n263 10 24
n_n27 12 27
n_n2713 32 18
n_n2732 40 7
n_n2738 25 20
n_n2772 17 20
n_n2795 17 46
n_n2796 35 45
n_n28 22 13
n_n280 29 34
n_n2801 46 43
n_n2803 38 23
n_n2806 45 42
n_n281 10 1
n_n2817 46 46
n_n2820 46 29
n_n2821 46 41
n_n2830 46 30
n_n2832 39 44
n_n2840 30 15
n_n2852 24 40
n_n2860 43 17
n_n29 41 1
n_n2926 47 19
n_n2986 33 41
n_n30 43 18
n_n3099 31 35
n_n31 26 16
n_n3109 24 46
n_n3116 47 46
n_n3121 22 41
n_n3127 28 47
n_n3132 41 24
n_n3138 31 44
n_n3162 39 45
n_n3184 38 33
n_n32 21 35
n_n3221 29 41
n_n3229 46 13
n_n3242 34 35
n_n3257 21 24
n_n3259 34 43
n_n3260 31 46
n_n33 3 33
n_n3309 41 6
n_n333 23 8
n_n3367 33 31
n_n3369 44 19
n_n3371 21 46
n_n3372 28 40
n_n3378 26 19
n_n3380 43 28
n_n3385 34 28
n_n3390 23 32
n_n34 41 39
n_n3406 28 20
n_n3417 25 46
n_n3424 33 13
n_n343 29 24
n_n345 22 8
n_n349 43 20
n_n35 23 36
n_n3506 35 35
n_n3519 47 24
n_n3520 46 23
n_n3523 47 22
n_n3525 47 23
n_n3550 37 14
n_n3581 44 23
n_n3587 45 39
n_n3598 34 15
n_n36 18 24
n_n3610 46 9
n_n3615 29 36
n_n3625 47 25
n_n3626 32 43
n_n3629 46 16
n_n3630 43 19
n_n3631 46 36
n_n3634 31 19
n_n3637 18 47
n_n365 39 18
n_n3659 46 22
n_n3686 32 15
n_n369 16 47
n_n37 18 39
n_n3709 41 9
n_n3710 45 45
n_n3711 39 23
n_n3722 25 41
n_n3727 27 19
n_n3731 43 41
n_n3751 36 5
n_n3757 43 15
n_n3768 35 38
n_n377 15 47
n_n3770 42 44
n_n3772 40 9
n_n3778 39 47
n_n3781 19 45
n_n3782 17 40
n_n380 27 18
n_n381 36 4
n_n3827 45 17
n_n3843 27 46
n_n3864 45 14
n_n3870 15 38
n_n3884 17 41
n_n3896 43 2
n_n3899 47 29
n_n39 24 25
n_n3919 38 19
n_n3923 23 10
n_n3925 44 44
n_n3926 6 0
n_n3974 44 43
n_n3991 44 39
n_n4003 24 44
n_n4015 45 6
n_n407 12 33
n_n4076 18 32
n_n408 29 23
n_n4094 19 36
n_n41 12 29
n_n4124 14 36
n_n4154 36 33
n_n4160 39 7
n_n4165 44 24
n_n4168 42 43
n_n4174 37 34
n_n4179 14 34
n_n4186 29 39
n_n4197 36 40
n_n4199 45 33
n_n42 16 20
n_n4203 24 18
n_n4204 43 47
n_n4206 38 47
n_n4210 23 31
n_n4218 28 26
n_n4251 39 21
n_n4255 24 26
n_n429 24 37
n_n4303 19 30
n_n4306 36 32
n_n431 29 14
n_n4313 25 29
n_n4381 39 25
n_n4394 40 31
n_n44 20 47
n_n443 35 33
n_n4439 7 44
n_n4477 11 46
n_n4489 11 45
n_n45 30 41
n_n4530 19 6
n_n4531 45 19
n_n4532 34 17
n_n4535 45 28
n_n4536 46 38
n_n458 38 17
n_n46 22 43
n_n4605 33 17
n_n4628 44 13
n_n4632 39 35
n_n4633 36 36
n_n4635 14 31
n_n464 30 36
n_n4666 37 44
n_n4671 22 38
n_n4674 33 42
n_n4675 22 47
n_n4677 38 29
n_n4680 21 47
n_n4681 29 42
n_n4682 19 44
n_n4685 18 42
n_n4686 40 34
n_n4687 24 39
n_n47 19 43
n_n4704 5 43
n_n4725 8 46
n_n4729 42 47
n_n4730 47 33
n_n4732 35 43
n_n4733 46 47
n_n4736 41 23
n_n4744 11 40
n_n4770 24 32
n_n4781 38 11
n_n4807 29 22
n_n4808 24 27
n_n4809 28 22
n_n4814 42 19
n_n4815 42 14
n_n4816 19 1
n_n4823 34 20
n_n4826 42 20
n_n4828 40 8
n_n4846 37 40
n_n4852 45 47
n_n4864 36 38
n_n4870 25 35
n_n4871 36 30
n_n4892 27 28
n_n4895 38 16
n_n4898 44 33
n_n49 34 47
n_n4911 46 33
n_n4912 47 30
n_n4913 39 31
n_n4914 44 32
n_n4916 47 31
n_n4920 47 34
n_n4921 45 35
n_n4922 44 28
n_n4923 41 18
n_n4924 44 27
n_n4926 46 35
n_n4929 41 19
n_n4936 32 28
n_n4941 20 24
n_n4950 22 28
n_n4954 18 27
n_n4955 22 34
n_n4961 21 31
n_n4966 20 32
n_n4967 21 34
n_n50 35 3
n_n5009 16 43
n_n5020 36 41
n_n5048 5 42
n_n5053 14 38
n_n5061 35 39
n_n5062 5 45
n_n5063 3 47
n_n52 30 43
n_n5231 4 37
n_n54 25 30
n_n560 9 30
n_n5659 16 46
n_n5660 15 39
n_n5664 10 7
n_n5673 1 36
n_n5676 13 40
n_n5677 15 43
n_n5678 18 21
n_n5682 8 41
n_n5686 15 28
n_n5693 10 40
n_n5769 9 33
n_n5792 47 6
n_n5794 12 35
n_n5796 14 35
n_n5797 13 35
n_n58 26 27
n_n59 35 24
n_n60 23 23
n_n61 0 39
n_n618 24 36
n_n62 21 15
n_n63 19 23
n_n639 31 28
n_n64 32 14
n_n66 37 29
n_n67 45 26
n_n7 11 38
n_n71 43 36
n_n72 42 11
n_n73 41 32
n_n731 8 25
n_n74 41 13
n_n741 3 46
n_n745 11 10
n_n746 47 38
n_n75 38 45
n_n750 34 29
n_n756 34 37
n_n76 39 8
n_n762 47 28
n_n775 44 11
n_n78 26 14
n_n785 30 44
n_n79 10 19
n_n8 24 21
n_n80 0 4
n_n81 22 37
n_n819 19 40
n_n82 20 30
n_n824 27 31
n_n84 25 39
n_n850 19 32
n_n855 40 17
n_n86 19 37
n_n87 29 31
n_n876 45 36
n_n884 26 11
n_n89 5 40
n_n9 35 22
n_n90 26 45
n_n92 21 41
n_n93 23 47
n_n95 11 34
n_n952 42 12
n_n96 23 30
n_n97 12 34
n_n98 27 43
n_n99 8 23
